0.000,0.000,0.000,0.076,0.000,4.250,0.000
2.600,0.000,0.000,0.076,0.323,4.250,0.000
5.200,0.000,0.000,0.076,0.645,4.250,0.000
7.800,0.000,0.000,0.076,0.968,4.250,0.000
10.400,0.000,0.000,0.076,1.291,4.250,0.000
13.000,0.000,0.000,0.076,1.613,4.250,0.000
15.600,0.000,0.000,0.076,1.936,4.250,0.000
18.200,0.000,0.000,0.076,2.259,4.250,0.000
20.800,0.000,0.000,0.076,2.582,4.250,0.000
23.400,0.000,0.000,0.076,2.904,4.250,0.000
26.000,0.000,0.000,0.076,3.227,4.250,0.000
28.600,0.000,0.000,0.076,3.550,4.250,0.000
31.200,0.000,0.000,0.076,3.872,4.250,0.000
33.800,0.000,0.000,0.076,4.195,4.250,0.000
36.400,0.000,0.000,0.076,4.518,4.250,0.000
39.000,0.000,0.000,0.076,4.840,4.250,0.000
41.600,0.000,0.000,0.076,5.163,4.250,0.000
44.200,0.000,0.000,0.076,5.486,4.250,0.000
46.800,0.000,0.000,0.076,5.808,4.250,0.000
49.400,0.000,0.000,0.076,6.131,4.250,0.000
52.000,0.000,0.000,0.076,0.171,4.250,0.000
54.600,0.000,0.000,0.076,0.493,4.250,0.000
57.200,0.000,0.000,0.076,0.816,4.250,0.000
59.800,0.000,0.000,0.076,1.139,4.250,0.000
62.400,0.000,0.000,0.076,1.461,4.250,0.000
65.000,0.000,0.000,0.076,1.784,4.250,0.000
67.600,0.000,0.000,0.076,2.107,4.250,0.000
70.200,0.000,0.000,0.076,2.429,4.250,0.000
72.800,0.000,0.000,0.076,2.752,4.250,0.000
75.400,0.000,0.000,0.076,3.075,4.250,0.000
78.000,0.000,0.000,0.076,3.397,4.250,0.000
80.600,0.000,0.000,0.076,3.720,4.250,0.000
83.200,0.000,0.000,0.076,4.043,4.250,0.000
85.800,0.000,0.000,0.076,4.366,4.250,0.000
88.400,0.000,0.000,0.076,4.688,4.250,0.000
91.000,0.000,0.000,0.076,5.011,4.250,0.000
93.600,0.000,0.000,0.076,5.334,4.250,0.000
96.200,0.000,0.000,0.076,5.656,4.250,0.000
98.800,0.000,0.000,0.076,5.979,4.250,0.000
101.400,0.000,0.000,0.076,0.019,4.250,0.000
104.000,0.000,0.000,0.076,0.341,4.250,0.000
106.600,0.000,0.000,0.076,0.664,4.250,0.000
109.200,0.000,0.000,0.076,0.987,4.250,0.000
111.800,0.000,0.000,0.076,1.309,4.250,0.000
114.400,0.000,0.000,0.076,1.632,4.250,0.000
117.000,0.000,0.000,0.076,1.955,4.250,0.000
119.600,0.000,0.000,0.076,2.277,4.250,0.000
122.200,0.000,0.000,0.076,2.600,4.250,0.000
124.800,0.000,0.000,0.076,2.923,4.250,0.000
127.400,0.000,0.000,0.076,3.245,4.250,0.000
130.000,0.000,0.000,0.076,3.568,4.250,0.000
132.600,0.000,0.000,0.076,3.891,4.250,0.000
135.200,0.000,0.000,0.076,4.213,4.250,0.000
137.800,0.000,0.000,0.076,4.536,4.250,0.000
140.400,0.000,0.000,0.076,4.859,4.250,0.000
143.000,0.000,0.000,0.076,5.182,4.250,0.000
145.600,0.000,0.000,0.076,5.504,4.250,0.000
148.200,0.000,0.000,0.076,5.827,4.250,0.000
150.800,0.000,0.000,0.076,6.150,4.250,0.000
153.400,0.000,0.000,0.076,0.189,4.250,0.000
156.000,0.000,0.000,0.076,0.512,4.250,0.000
158.600,0.000,0.000,0.076,0.834,4.250,0.000
161.200,0.000,0.000,0.076,1.157,4.250,0.000
163.800,0.000,0.000,0.076,1.480,4.250,0.000
166.400,0.000,0.000,0.076,1.803,4.250,0.000
169.000,0.000,0.000,0.076,2.125,4.250,0.000
171.600,0.000,0.000,0.076,2.448,4.250,0.000
174.200,0.000,0.000,0.076,2.771,4.250,0.000
176.800,0.000,0.000,0.076,3.093,4.250,0.000
179.400,0.000,0.000,0.076,3.416,4.250,0.000
182.000,0.000,0.000,0.076,3.739,4.250,0.000
184.600,0.000,0.000,0.076,4.061,4.250,0.000
187.200,0.000,0.000,0.076,4.384,4.250,0.000
189.800,0.000,0.000,0.076,4.707,4.250,0.000
192.400,0.000,0.000,0.076,5.029,4.250,0.000
195.000,0.000,0.000,0.076,5.352,4.250,0.000
197.600,0.000,0.000,0.076,5.675,4.250,0.000
200.200,0.000,0.000,0.076,5.998,4.250,0.000
202.800,0.000,0.000,0.076,0.037,4.250,0.000
205.400,0.000,0.000,0.076,0.360,4.250,0.000
208.000,0.000,0.000,0.076,0.682,4.250,0.000
210.600,0.000,0.000,0.076,1.005,4.250,0.000
213.200,0.000,0.000,0.076,1.328,4.250,0.000
215.800,0.000,0.000,0.076,1.650,4.250,0.000
218.400,0.000,0.000,0.076,1.973,4.250,0.000
221.000,0.000,0.000,0.076,2.296,4.250,0.000
223.600,0.000,0.000,0.076,2.619,4.250,0.000
226.200,0.000,0.000,0.076,2.941,4.250,0.000
228.800,0.000,0.000,0.076,3.264,4.250,0.000
231.400,0.000,0.000,0.076,3.587,4.250,0.000
234.000,0.000,0.000,0.076,3.909,4.250,0.000
236.600,0.000,0.000,0.076,4.232,4.250,0.000
239.200,0.000,0.000,0.076,4.555,4.250,0.000
241.800,0.000,0.000,0.076,4.877,4.250,0.000
244.400,0.000,0.000,0.076,5.200,4.250,0.000
247.000,0.000,0.000,0.076,5.523,4.250,0.000
249.600,0.000,0.000,0.076,5.845,4.250,0.000
252.200,0.000,0.000,0.076,6.168,4.250,0.000
254.800,0.000,0.000,0.076,0.208,4.250,0.000
257.400,0.000,0.000,0.076,0.530,4.250,0.000
260.000,0.000,0.000,0.076,0.853,4.250,0.000
262.600,0.000,0.000,0.076,1.176,4.250,0.000
265.200,0.000,0.000,0.076,1.498,4.250,0.000
267.800,0.000,0.000,0.076,1.821,4.250,0.000
270.400,0.000,0.000,0.076,2.144,4.250,0.000
273.000,0.000,0.000,0.076,2.466,4.250,0.000
275.600,0.000,0.000,0.076,2.789,4.250,0.000
278.200,0.000,0.000,0.076,3.112,4.250,0.000
280.800,0.000,0.000,0.076,3.435,4.250,0.000
283.400,0.000,0.000,0.076,3.757,4.250,0.000
286.000,0.000,0.000,0.076,4.080,4.250,0.000
288.600,0.000,0.000,0.076,4.403,4.250,0.000
291.200,0.000,0.000,0.076,4.725,4.250,0.000
293.800,0.000,0.000,0.076,5.048,4.250,0.000
296.400,0.000,0.000,0.076,5.371,4.250,0.000
299.000,0.000,0.000,0.076,5.693,4.250,0.000
301.600,0.000,0.000,0.076,6.016,4.250,0.000
304.200,0.000,0.000,0.076,0.056,4.250,0.000
306.800,0.000,0.000,0.076,0.378,4.250,0.000
309.400,0.000,0.000,0.076,0.701,4.250,0.000
312.000,0.000,0.000,0.076,1.024,4.250,0.000
314.600,0.000,0.000,0.076,1.346,4.250,0.000
317.200,0.000,0.000,0.076,1.669,4.250,0.000
319.800,0.000,0.000,0.076,1.992,4.250,0.000
322.400,0.000,0.000,0.076,2.314,4.250,0.000
325.000,0.000,0.000,0.076,2.637,4.250,0.000
327.600,0.000,0.000,0.076,2.960,4.250,0.000
330.200,0.000,0.000,0.076,3.282,4.250,0.000
332.800,0.000,0.000,0.076,3.605,4.250,0.000
335.400,0.000,0.000,0.076,3.928,4.250,0.000
338.000,0.000,0.000,0.076,4.250,4.250,0.000
340.600,0.000,0.000,0.076,4.573,4.250,0.000
343.200,0.000,0.000,0.076,4.896,4.250,0.000
345.800,0.000,0.000,0.076,5.219,4.250,0.000
348.400,0.000,0.000,0.076,5.541,4.250,0.000
351.000,0.000,0.000,0.076,5.864,4.250,0.000
353.600,0.000,0.000,0.076,6.187,4.250,0.000
356.200,0.000,0.000,0.076,0.226,4.250,0.000
358.800,0.000,0.000,0.076,0.549,4.250,0.000
361.400,0.000,0.000,0.076,0.871,4.250,0.000
364.000,0.000,0.000,0.076,1.194,4.250,0.000
366.600,0.000,0.000,0.076,1.517,4.250,0.000
369.200,0.000,0.000,0.076,1.840,4.250,0.000
371.800,0.000,0.000,0.076,2.162,4.250,0.000
374.400,0.000,0.000,0.076,2.485,4.250,0.000
377.000,0.000,0.000,0.076,2.808,4.250,0.000
379.600,0.000,0.000,0.076,3.130,4.250,0.000
382.200,0.000,0.000,0.076,3.453,4.250,0.000
384.800,0.000,0.000,0.076,3.776,4.250,0.000
387.400,0.000,0.000,0.076,4.098,4.250,0.000
390.000,0.000,0.000,0.076,4.421,4.250,0.000
392.600,0.000,0.000,0.076,4.744,4.250,0.000
395.200,0.000,0.000,0.076,5.066,4.250,0.000
397.800,0.000,0.000,0.076,5.389,4.250,0.000
400.400,0.000,0.000,0.076,5.712,4.250,0.000
403.000,0.000,0.000,0.076,6.035,4.250,0.000
405.600,0.000,0.000,0.076,0.074,4.250,0.000
408.200,0.000,0.000,0.076,0.397,4.250,0.000
410.800,0.000,0.000,0.076,0.719,4.250,0.000
413.400,0.000,0.000,0.076,1.042,4.250,0.000
416.000,0.000,0.000,0.076,1.365,4.250,0.000
418.600,0.000,0.000,0.076,1.687,4.250,0.000
421.200,0.000,0.000,0.076,2.010,4.250,0.000
423.800,0.000,0.000,0.076,2.333,4.250,0.000
426.400,0.000,0.000,0.076,2.656,4.250,0.000
429.000,0.000,0.000,0.076,2.978,4.250,0.000
431.600,0.000,0.000,0.076,3.301,4.250,0.000
434.200,0.000,0.000,0.076,3.624,4.250,0.000
436.800,0.000,0.000,0.076,3.946,4.250,0.000
439.400,0.000,0.000,0.076,4.269,4.250,0.000
442.000,0.000,0.000,0.076,4.592,4.250,0.000
444.600,0.000,0.000,0.076,4.914,4.250,0.000
447.200,0.000,0.000,0.076,5.237,4.250,0.000
449.800,0.000,0.000,0.076,5.560,4.250,0.000
452.400,0.000,0.000,0.076,5.882,4.250,0.000
455.000,0.000,0.000,0.076,6.205,4.250,0.000
457.600,0.000,0.000,0.076,0.245,4.250,0.000
460.200,0.000,0.000,0.076,0.567,4.250,0.000
462.800,0.000,0.000,0.076,0.890,4.250,0.000
465.400,0.000,0.000,0.076,1.213,4.250,0.000
468.000,0.000,0.000,0.076,1.535,4.250,0.000
470.600,0.000,0.000,0.076,1.858,4.250,0.000
473.200,0.000,0.000,0.076,2.181,4.250,0.000
475.800,0.000,0.000,0.076,2.503,4.250,0.000
478.400,0.000,0.000,0.076,2.826,4.250,0.000
481.000,0.000,0.000,0.076,3.149,4.250,0.000
483.600,0.000,0.000,0.076,3.472,4.250,0.000
486.200,0.000,0.000,0.076,3.794,4.250,0.000
488.800,0.000,0.000,0.076,4.117,4.250,0.000
491.400,0.000,0.000,0.076,4.440,4.250,0.000
494.000,0.000,0.000,0.076,4.762,4.250,0.000
496.600,0.000,0.000,0.076,5.085,4.250,0.000
499.200,0.000,0.000,0.076,5.408,4.250,0.000
501.800,0.000,0.000,0.076,5.730,4.250,0.000
504.400,0.000,0.000,0.076,6.053,4.250,0.000
507.000,0.000,0.000,0.076,0.093,4.250,0.000
509.600,0.000,0.000,0.076,0.415,4.250,0.000
512.200,0.000,0.000,0.076,0.738,4.250,0.000
514.800,0.000,0.000,0.076,1.061,4.250,0.000
517.400,0.000,0.000,0.076,1.383,4.250,0.000
520.000,0.000,0.000,0.076,1.706,4.250,0.000
522.600,0.000,0.000,0.076,2.029,4.250,0.000
525.200,0.000,0.000,0.076,2.351,4.250,0.000
527.800,0.000,0.000,0.076,2.674,4.250,0.000
530.400,0.000,0.000,0.076,2.997,4.250,0.000
533.000,0.000,0.000,0.076,3.319,4.250,0.000
535.600,0.000,0.000,0.076,3.642,4.250,0.000
538.200,0.000,0.000,0.076,3.965,4.250,0.000
540.800,0.000,0.000,0.076,4.287,4.250,0.000
543.400,0.000,0.000,0.076,4.610,4.250,0.000
546.000,0.000,0.000,0.076,4.933,4.250,0.000
548.600,0.000,0.000,0.076,5.256,4.250,0.000
551.200,0.000,0.000,0.076,5.578,4.250,0.000
553.800,0.000,0.000,0.076,5.901,4.250,0.000
556.400,0.000,0.000,0.076,6.224,4.250,0.000
559.000,0.000,0.000,0.076,0.263,4.250,0.000
561.600,0.000,0.000,0.076,0.586,4.250,0.000
564.200,0.000,0.000,0.076,0.909,4.250,0.000
566.800,0.000,0.000,0.076,1.231,4.250,0.000
569.400,0.000,0.000,0.076,1.554,4.250,0.000
572.000,0.000,0.000,0.076,1.877,4.250,0.000
574.600,0.000,0.000,0.076,2.199,4.250,0.000
577.200,0.000,0.000,0.076,2.522,4.250,0.000
579.800,0.000,0.000,0.076,2.845,4.250,0.000
582.400,0.000,0.000,0.076,3.167,4.250,0.000
585.000,0.000,0.000,0.076,3.490,4.250,0.000
587.600,0.000,0.000,0.076,3.813,4.250,0.000
590.200,0.000,0.000,0.076,4.135,4.250,0.000
592.800,0.000,0.000,0.076,4.458,4.250,0.000
595.400,0.000,0.000,0.076,4.781,4.250,0.000
598.000,0.000,0.000,0.076,5.103,4.250,0.000
600.600,0.000,0.000,0.076,5.426,4.250,0.000
603.200,0.000,0.000,0.076,5.749,4.250,0.000
605.800,0.000,0.000,0.076,6.072,4.250,0.000
608.400,0.000,0.000,0.076,0.111,4.250,0.000
611.000,0.000,0.000,0.076,0.434,4.250,0.000
613.600,0.000,0.000,0.076,0.756,4.250,0.000
616.200,0.000,0.000,0.076,1.079,4.250,0.000
618.800,0.000,0.000,0.076,1.402,4.250,0.000
621.400,0.000,0.000,0.076,1.724,4.250,0.000
624.000,0.000,0.000,0.076,2.047,4.250,0.000
626.600,0.000,0.000,0.076,2.370,4.250,0.000
629.200,0.000,0.000,0.076,2.693,4.250,0.000
631.800,0.000,0.000,0.076,3.015,4.250,0.000
634.400,0.000,0.000,0.076,3.338,4.250,0.000
637.000,0.000,0.000,0.076,3.661,4.250,0.000
639.600,0.000,0.000,0.076,3.983,4.250,0.000
642.200,0.000,0.000,0.076,4.306,4.250,0.000
644.800,0.000,0.000,0.076,4.629,4.250,0.000
647.400,0.000,0.000,0.076,4.951,4.250,0.000
650.000,0.000,0.000,0.076,5.274,4.250,0.000
652.600,0.000,0.000,0.076,5.597,4.250,0.000
655.200,0.000,0.000,0.076,5.919,4.250,0.000
657.800,0.000,0.000,0.076,6.242,4.250,0.000
660.400,0.000,0.000,0.076,0.282,4.250,0.000
663.000,0.000,0.000,0.076,0.604,4.250,0.000
665.600,0.000,0.000,0.076,0.927,4.250,0.000
668.200,0.000,0.000,0.076,1.250,4.250,0.000
670.800,0.000,0.000,0.076,1.572,4.250,0.000
673.400,0.000,0.000,0.076,1.895,4.250,0.000
676.000,0.000,0.000,0.076,2.218,4.250,0.000
678.600,0.000,0.000,0.076,2.540,4.250,0.000
681.200,0.000,0.000,0.076,2.863,4.250,0.000
683.800,0.000,0.000,0.076,3.186,4.250,0.000
686.400,0.000,0.000,0.076,3.509,4.250,0.000
689.000,0.000,0.000,0.076,3.831,4.250,0.000
691.600,0.000,0.000,0.076,4.154,4.250,0.000
694.200,0.000,0.000,0.076,4.477,4.250,0.000
696.800,0.000,0.000,0.076,4.799,4.250,0.000
699.400,0.000,0.000,0.076,5.122,4.250,0.000
702.000,0.000,0.000,0.076,5.445,4.250,0.000
704.600,0.000,0.000,0.076,5.767,4.250,0.000
707.200,0.000,0.000,0.076,6.090,4.250,0.000
709.800,0.000,0.000,0.076,0.130,4.250,0.000
712.400,0.000,0.000,0.076,0.452,4.250,0.000
715.000,0.000,0.000,0.076,0.775,4.250,0.000
717.600,0.000,0.000,0.076,1.098,4.250,0.000
720.200,0.000,0.000,0.076,1.420,4.250,0.000
722.800,0.000,0.000,0.076,1.743,4.250,0.000
725.400,0.000,0.000,0.076,2.066,4.250,0.000
728.000,0.000,0.000,0.076,2.388,4.250,0.000
730.600,0.000,0.000,0.076,2.711,4.250,0.000
733.200,0.000,0.000,0.076,3.034,4.250,0.000
735.800,0.000,0.000,0.076,3.356,4.250,0.000
738.400,0.000,0.000,0.076,3.679,4.250,0.000
741.000,0.000,0.000,0.076,4.002,4.250,0.000
743.600,0.000,0.000,0.076,4.325,4.250,0.000
746.200,0.000,0.000,0.076,4.647,4.250,0.000
748.800,0.000,0.000,0.076,4.970,4.250,0.000
751.400,0.000,0.000,0.076,5.293,4.250,0.000
754.000,0.000,0.000,0.076,5.615,4.250,0.000
756.600,0.000,0.000,0.076,5.938,4.250,0.000
759.200,0.000,0.000,0.076,6.261,4.250,0.000
761.800,0.000,0.000,0.076,0.300,4.250,0.000
764.400,0.000,0.000,0.076,0.623,4.250,0.000
767.000,0.000,0.000,0.076,0.946,4.250,0.000
769.600,0.000,0.000,0.076,1.268,4.250,0.000
772.200,0.000,0.000,0.076,1.591,4.250,0.000
774.800,0.000,0.000,0.076,1.914,4.250,0.000
777.400,0.000,0.000,0.076,2.236,4.250,0.000
780.000,0.000,0.000,0.076,2.559,4.250,0.000
782.600,0.000,0.000,0.076,2.882,4.250,0.000
785.200,0.000,0.000,0.076,3.204,4.250,0.000
787.800,0.000,0.000,0.076,3.527,4.250,0.000
790.400,0.000,0.000,0.076,3.850,4.250,0.000
793.000,0.000,0.000,0.076,4.172,4.250,0.000
795.600,0.000,0.000,0.076,4.495,4.250,0.000
798.200,0.000,0.000,0.076,4.818,4.250,0.000
800.800,0.000,0.000,0.076,5.140,4.250,0.000
803.400,0.000,0.000,0.076,5.463,4.250,0.000
806.000,0.000,0.000,0.076,5.786,4.250,0.000
808.600,0.000,0.000,0.076,6.109,4.250,0.000
811.200,0.000,0.000,0.076,0.148,4.250,0.000
813.800,0.000,0.000,0.076,0.471,4.250,0.000
816.400,0.000,0.000,0.076,0.793,4.250,0.000
819.000,0.000,0.000,0.076,1.116,4.250,0.000
821.600,0.000,0.000,0.076,1.439,4.250,0.000
824.200,0.000,0.000,0.076,1.761,4.250,0.000
826.800,0.000,0.000,0.076,2.084,4.250,0.000
829.400,0.000,0.000,0.076,2.407,4.250,0.000
832.000,0.000,0.000,0.076,2.730,4.250,0.000
834.600,0.000,0.000,0.076,3.052,4.250,0.000
837.200,0.000,0.000,0.076,3.375,4.250,0.000
839.800,0.000,0.000,0.076,3.698,4.250,0.000
842.400,0.000,0.000,0.076,4.020,4.250,0.000
845.000,0.000,0.000,0.076,4.343,4.250,0.000
847.600,0.000,0.000,0.076,4.666,4.250,0.000
850.200,0.000,0.000,0.076,4.988,4.250,0.000
852.800,0.000,0.000,0.076,5.311,4.250,0.000
855.400,0.000,0.000,0.076,5.634,4.250,0.000
858.000,0.000,0.000,0.076,5.956,4.250,0.000
860.600,0.000,0.000,0.076,6.279,4.250,0.000
863.200,0.000,0.000,0.076,0.319,4.250,0.000
865.800,0.000,0.000,0.076,0.641,4.250,0.000
868.400,0.000,0.000,0.076,0.964,4.250,0.000
871.000,0.000,0.000,0.076,1.287,4.250,0.000
873.600,0.000,0.000,0.076,1.609,4.250,0.000
876.200,0.000,0.000,0.076,1.932,4.250,0.000
878.800,0.000,0.000,0.076,2.255,4.250,0.000
881.400,0.000,0.000,0.076,2.577,4.250,0.000
884.000,0.000,0.000,0.076,2.900,4.250,0.000
886.600,0.000,0.000,0.076,3.223,4.250,0.000
889.200,0.000,0.000,0.076,3.546,4.250,0.000
891.800,0.000,0.000,0.076,3.868,4.250,0.000
894.400,0.000,0.000,0.076,4.191,4.250,0.000
897.000,0.000,0.000,0.076,4.514,4.250,0.000
899.600,0.000,0.000,0.076,4.836,4.250,0.000
902.200,0.000,0.000,0.076,5.159,4.250,0.000
904.800,0.000,0.000,0.076,5.482,4.250,0.000
907.400,0.000,0.000,0.076,5.804,4.250,0.000
910.000,0.000,0.000,0.076,6.127,4.250,0.000
912.600,0.000,0.000,0.076,0.167,4.250,0.000
915.200,0.000,0.000,0.076,0.489,4.250,0.000
917.800,0.000,0.000,0.076,0.812,4.250,0.000
920.400,0.000,0.000,0.076,1.135,4.250,0.000
923.000,0.000,0.000,0.076,1.457,4.250,0.000
925.600,0.000,0.000,0.076,1.780,4.250,0.000
928.200,0.000,0.000,0.076,2.103,4.250,0.000
930.800,0.000,0.000,0.076,2.425,4.250,0.000
933.400,0.000,0.000,0.076,2.748,4.250,0.000
936.000,0.000,0.000,0.076,3.071,4.250,0.000
938.600,0.000,0.000,0.076,3.393,4.250,0.000
941.200,0.000,0.000,0.076,3.716,4.250,0.000
943.800,0.000,0.000,0.076,4.039,4.250,0.000
946.400,0.000,0.000,0.076,4.362,4.250,0.000
949.000,0.000,0.000,0.076,4.684,4.250,0.000
951.600,0.000,0.000,0.076,5.007,4.250,0.000
954.200,0.000,0.000,0.076,5.330,4.250,0.000
956.800,0.000,0.000,0.076,5.652,4.250,0.000
959.400,0.000,0.000,0.076,5.975,4.250,0.000
962.000,0.000,0.000,0.076,0.014,4.250,0.000
964.600,0.000,0.000,0.076,0.337,4.250,0.000
967.200,0.000,0.000,0.076,0.660,4.250,0.000
969.800,0.000,0.000,0.076,0.983,4.250,0.000
972.400,0.000,0.000,0.076,1.305,4.250,0.000
975.000,0.000,0.000,0.076,1.628,4.250,0.000
977.600,0.000,0.000,0.076,1.951,4.250,0.000
980.200,0.000,0.000,0.076,2.273,4.250,0.000
982.800,0.000,0.000,0.076,2.596,4.250,0.000
985.400,0.000,0.000,0.076,2.919,4.250,0.000
988.000,0.000,0.000,0.076,3.241,4.250,0.000
990.600,0.000,0.000,0.076,3.564,4.250,0.000
993.200,0.000,0.000,0.076,3.887,4.250,0.000
995.800,0.000,0.000,0.076,4.209,4.250,0.000
998.400,0.000,0.000,0.076,4.532,4.250,0.000
1001.000,0.000,0.000,0.076,4.855,4.250,0.000
1003.600,0.000,0.000,0.076,5.177,4.250,0.000
1006.200,0.000,0.000,0.076,5.500,4.250,0.000
1008.800,0.000,0.000,0.076,5.823,4.250,0.000
1011.400,0.000,0.000,0.076,6.146,4.250,0.000
1014.000,0.000,0.000,0.076,0.185,4.250,0.000
1016.600,0.000,0.000,0.076,0.508,4.250,0.000
1019.200,0.000,0.000,0.076,0.830,4.250,0.000
1021.800,0.000,0.000,0.076,1.153,4.250,0.000
1024.400,0.000,0.000,0.076,1.476,4.250,0.000
1027.000,0.000,0.000,0.076,1.799,4.250,0.000
1029.600,0.000,0.000,0.076,2.121,4.250,0.000
1032.200,0.000,0.000,0.076,2.444,4.250,0.000
1034.800,0.000,0.000,0.076,2.767,4.250,0.000
1037.400,0.000,0.000,0.076,3.089,4.250,0.000
1040.000,0.000,0.000,0.076,3.412,4.250,0.000
1042.600,0.000,0.000,0.076,3.735,4.250,0.000
1045.200,0.000,0.000,0.076,4.057,4.250,0.000
1047.800,0.000,0.000,0.076,4.380,4.250,0.000
1050.400,0.000,0.000,0.076,4.703,4.250,0.000
1053.000,0.000,0.000,0.076,5.025,4.250,0.000
1055.600,0.000,0.000,0.076,5.348,4.250,0.000
1058.200,0.000,0.000,0.076,5.671,4.250,0.000
1060.800,0.000,0.000,0.076,5.993,4.250,0.000
1063.400,0.000,0.000,0.076,0.033,4.250,0.000
1066.000,0.000,0.000,0.076,0.356,4.250,0.000
1068.600,0.000,0.000,0.076,0.678,4.250,0.000
1071.200,0.000,0.000,0.076,1.001,4.250,0.000
1073.800,0.000,0.000,0.076,1.324,4.250,0.000
1076.400,0.000,0.000,0.076,1.646,4.250,0.000
1079.000,0.000,0.000,0.076,1.969,4.250,0.000
1081.600,0.000,0.000,0.076,2.292,4.250,0.000
1084.200,0.000,0.000,0.076,2.614,4.250,0.000
1086.800,0.000,0.000,0.076,2.937,4.250,0.000
1089.400,0.000,0.000,0.076,3.260,4.250,0.000
1092.000,0.000,0.000,0.076,3.583,4.250,0.000
1094.600,0.000,0.000,0.076,3.905,4.250,0.000
1097.200,0.000,0.000,0.076,4.228,4.250,0.000
1099.800,0.000,0.000,0.076,4.551,4.250,0.000
1102.400,0.000,0.000,0.076,4.873,4.250,0.000
1105.000,0.000,0.000,0.076,5.196,4.250,0.000
1107.600,0.000,0.000,0.076,5.519,4.250,0.000
1110.200,0.000,0.000,0.076,5.841,4.250,0.000
1112.800,0.000,0.000,0.076,6.164,4.250,0.000
1115.400,0.000,0.000,0.076,0.204,4.250,0.000
1118.000,0.000,0.000,0.076,0.526,4.250,0.000
1120.600,0.000,0.000,0.076,0.849,4.250,0.000
1123.200,0.000,0.000,0.076,1.172,4.250,0.000
1125.800,0.000,0.000,0.076,1.494,4.250,0.000
1128.400,0.000,0.000,0.076,1.817,4.250,0.000
1131.000,0.000,0.000,0.076,2.140,4.250,0.000
1133.600,0.000,0.000,0.076,2.462,4.250,0.000
1136.200,0.000,0.000,0.076,2.785,4.250,0.000
1138.800,0.000,0.000,0.076,3.108,4.250,0.000
1141.400,0.000,0.000,0.076,3.430,4.250,0.000
1144.000,0.000,0.000,0.076,3.753,4.250,0.000
1146.600,0.000,0.000,0.076,4.076,4.250,0.000
1149.200,0.000,0.000,0.076,4.399,4.250,0.000
1151.800,0.000,0.000,0.076,4.721,4.250,0.000
1154.400,0.000,0.000,0.076,5.044,4.250,0.000
1157.000,0.000,0.000,0.076,5.367,4.250,0.000
1159.600,0.000,0.000,0.076,5.689,4.250,0.000
1162.200,0.000,0.000,0.076,6.012,4.250,0.000
1164.800,0.000,0.000,0.076,0.051,4.250,0.000
1167.400,0.000,0.000,0.076,0.374,4.250,0.000
1170.000,0.000,0.000,0.076,0.697,4.250,0.000
1172.600,0.000,0.000,0.076,1.020,4.250,0.000
1175.200,0.000,0.000,0.076,1.342,4.250,0.000
1177.800,0.000,0.000,0.076,1.665,4.250,0.000
1180.400,0.000,0.000,0.076,1.988,4.250,0.000
1183.000,0.000,0.000,0.076,2.310,4.250,0.000
1185.600,0.000,0.000,0.076,2.633,4.250,0.000
1188.200,0.000,0.000,0.076,2.956,4.250,0.000
1190.800,0.000,0.000,0.076,3.278,4.250,0.000
1193.400,0.000,0.000,0.076,3.601,4.250,0.000
1196.000,0.000,0.000,0.076,3.924,4.250,0.000
1198.600,0.000,0.000,0.076,4.246,4.250,0.000
1201.200,0.000,0.000,0.076,4.569,4.250,0.000
1203.800,0.000,0.000,0.076,4.892,4.250,0.000
1206.400,0.000,0.000,0.076,5.215,4.250,0.000
1209.000,0.000,0.000,0.076,5.537,4.250,0.000
1211.600,0.000,0.000,0.076,5.860,4.250,0.000
1214.200,0.000,0.000,0.076,6.183,4.250,0.000
1216.800,0.000,0.000,0.076,0.222,4.250,0.000
1219.400,0.000,0.000,0.076,0.545,4.250,0.000
1222.000,0.000,0.000,0.076,0.867,4.250,0.000
1224.600,0.000,0.000,0.076,1.190,4.250,0.000
1227.200,0.000,0.000,0.076,1.513,4.250,0.000
1229.800,0.000,0.000,0.076,1.836,4.250,0.000
1232.400,0.000,0.000,0.076,2.158,4.250,0.000
1235.000,0.000,0.000,0.076,2.481,4.250,0.000
1237.600,0.000,0.000,0.076,2.804,4.250,0.000
1240.200,0.000,0.000,0.076,3.126,4.250,0.000
1242.800,0.000,0.000,0.076,3.449,4.250,0.000
1245.400,0.000,0.000,0.076,3.772,4.250,0.000
1248.000,0.000,0.000,0.076,4.094,4.250,0.000
1250.600,0.000,0.000,0.076,4.417,4.250,0.000
1253.200,0.000,0.000,0.076,4.740,4.250,0.000
1255.800,0.000,0.000,0.076,5.062,4.250,0.000
1258.400,0.000,0.000,0.076,5.385,4.250,0.000
1261.000,0.000,0.000,0.076,5.708,4.250,0.000
1263.600,0.000,0.000,0.076,6.030,4.250,0.000
1266.200,0.000,0.000,0.076,0.070,4.250,0.000
1268.800,0.000,0.000,0.076,0.393,4.250,0.000
1271.400,0.000,0.000,0.076,0.715,4.250,0.000
1274.000,0.000,0.000,0.076,1.038,4.250,0.000
1276.600,0.000,0.000,0.076,1.361,4.250,0.000
1279.200,0.000,0.000,0.076,1.683,4.250,0.000
1281.800,0.000,0.000,0.076,2.006,4.250,0.000
1284.400,0.000,0.000,0.076,2.329,4.250,0.000
1287.000,0.000,0.000,0.076,2.651,4.250,0.000
1289.600,0.000,0.000,0.076,2.974,4.250,0.000
1292.200,0.000,0.000,0.076,3.297,4.250,0.000
1294.800,0.000,0.000,0.076,3.620,4.250,0.000
1297.400,0.000,0.000,0.076,3.942,4.250,0.000
1300.000,0.000,0.000,0.076,4.265,4.250,0.000
1302.600,0.000,0.000,0.076,4.588,4.250,0.000
1305.200,0.000,0.000,0.076,4.910,4.250,0.000
1307.800,0.000,0.000,0.076,5.233,4.250,0.000
1310.400,0.000,0.000,0.076,5.556,4.250,0.000
1313.000,0.000,0.000,0.076,5.878,4.250,0.000
1315.600,0.000,0.000,0.076,6.201,4.250,0.000
1318.200,0.000,0.000,0.076,0.241,4.250,0.000
1320.800,0.000,0.000,0.076,0.563,4.250,0.000
1323.400,0.000,0.000,0.076,0.886,4.250,0.000
1326.000,0.000,0.000,0.076,1.209,4.250,0.000
1328.600,0.000,0.000,0.076,1.531,4.250,0.000
1331.200,0.000,0.000,0.076,1.854,4.250,0.000
1333.800,0.000,0.000,0.076,2.177,4.250,0.000
1336.400,0.000,0.000,0.076,2.499,4.250,0.000
1339.000,0.000,0.000,0.076,2.822,4.250,0.000
1341.600,0.000,0.000,0.076,3.145,4.250,0.000
1344.200,0.000,0.000,0.076,3.467,4.250,0.000
1346.800,0.000,0.000,0.076,3.790,4.250,0.000
1349.400,0.000,0.000,0.076,4.113,4.250,0.000
1352.000,0.000,0.000,0.076,4.436,4.250,0.000
1354.600,0.000,0.000,0.076,4.758,4.250,0.000
1357.200,0.000,0.000,0.076,5.081,4.250,0.000
1359.800,0.000,0.000,0.076,5.404,4.250,0.000
1362.400,0.000,0.000,0.076,5.726,4.250,0.000
1365.000,0.000,0.000,0.076,6.049,4.250,0.000
1367.600,0.000,0.000,0.076,0.088,4.250,0.000
1370.200,0.000,0.000,0.076,0.411,4.250,0.000
1372.800,0.000,0.000,0.076,0.734,4.250,0.000
1375.400,0.000,0.000,0.076,1.057,4.250,0.000
1378.000,0.000,0.000,0.076,1.379,4.250,0.000
1380.600,0.000,0.000,0.076,1.702,4.250,0.000
1383.200,0.000,0.000,0.076,2.025,4.250,0.000
1385.800,0.000,0.000,0.076,2.347,4.250,0.000
1388.400,0.000,0.000,0.076,2.670,4.250,0.000
1391.000,0.000,0.000,0.076,2.993,4.250,0.000
1393.600,0.000,0.000,0.076,3.315,4.250,0.000
1396.200,0.000,0.000,0.076,3.638,4.250,0.000
1398.800,0.000,0.000,0.076,3.961,4.250,0.000
1401.400,0.000,0.000,0.076,4.283,4.250,0.000
1404.000,0.000,0.000,0.076,4.606,4.250,0.000
1406.600,0.000,0.000,0.076,4.929,4.250,0.000
1409.200,0.000,0.000,0.076,5.252,4.250,0.000
1411.800,0.000,0.000,0.076,5.574,4.250,0.000
1414.400,0.000,0.000,0.076,5.897,4.250,0.000
1417.000,0.000,0.000,0.076,6.220,4.250,0.000
1419.600,0.000,0.000,0.076,0.259,4.250,0.000
1422.200,0.000,0.000,0.076,0.582,4.250,0.000
1424.800,0.000,0.000,0.076,0.904,4.250,0.000
1427.400,0.000,0.000,0.076,1.227,4.250,0.000
1430.000,0.000,0.000,0.076,1.550,4.250,0.000
1432.600,0.000,0.000,0.076,1.873,4.250,0.000
1435.200,0.000,0.000,0.076,2.195,4.250,0.000
1437.800,0.000,0.000,0.076,2.518,4.250,0.000
1440.400,0.000,0.000,0.076,2.841,4.250,0.000
1443.000,0.000,0.000,0.076,3.163,4.250,0.000
1445.600,0.000,0.000,0.076,3.486,4.250,0.000
1448.200,0.000,0.000,0.076,3.809,4.250,0.000
1450.800,0.000,0.000,0.076,4.131,4.250,0.000
1453.400,0.000,0.000,0.076,4.454,4.250,0.000
1456.000,0.000,0.000,0.076,4.777,4.250,0.000
1458.600,0.000,0.000,0.076,5.099,4.250,0.000
1461.200,0.000,0.000,0.076,5.422,4.250,0.000
1463.800,0.000,0.000,0.076,5.745,4.250,0.000
1466.400,0.000,0.000,0.076,6.067,4.250,0.000
1469.000,0.000,0.000,0.076,0.107,4.250,0.000
1471.600,0.000,0.000,0.076,0.430,4.250,0.000
1474.200,0.000,0.000,0.076,0.752,4.250,0.000
1476.800,0.000,0.000,0.076,1.075,4.250,0.000
1479.400,0.000,0.000,0.076,1.398,4.250,0.000
1482.000,0.000,0.000,0.076,1.720,4.250,0.000
1484.600,0.000,0.000,0.076,2.043,4.250,0.000
1487.200,0.000,0.000,0.076,2.366,4.250,0.000
1489.800,0.000,0.000,0.076,2.689,4.250,0.000
1492.400,0.000,0.000,0.076,3.011,4.250,0.000
1495.000,0.000,0.000,0.076,3.334,4.250,0.000
1497.600,0.000,0.000,0.076,3.657,4.250,0.000
1500.200,0.000,0.000,0.076,3.979,4.250,0.000
1502.800,0.000,0.000,0.076,4.302,4.250,0.000
1505.400,0.000,0.000,0.076,4.625,4.250,0.000
1508.000,0.000,0.000,0.076,4.947,4.250,0.000
1510.600,0.000,0.000,0.076,5.270,4.250,0.000
1513.200,0.000,0.000,0.076,5.593,4.250,0.000
1515.800,0.000,0.000,0.076,5.915,4.250,0.000
1518.400,0.000,0.000,0.076,6.238,4.250,0.000
1521.000,0.000,0.000,0.076,0.278,4.250,0.000
1523.600,0.000,0.000,0.076,0.600,4.250,0.000
1526.200,0.000,0.000,0.076,0.923,4.250,0.000
1528.800,0.000,0.000,0.076,1.246,4.250,0.000
1531.400,0.000,0.000,0.076,1.568,4.250,0.000
1534.000,0.000,0.000,0.076,1.891,4.250,0.000
1536.600,0.000,0.000,0.076,2.214,4.250,0.000
1539.200,0.000,0.000,0.076,2.536,4.250,0.000
1541.800,0.000,0.000,0.076,2.859,4.250,0.000
1544.400,0.000,0.000,0.076,3.182,4.250,0.000
1547.000,0.000,0.000,0.076,3.504,4.250,0.000
1549.600,0.000,0.000,0.076,3.827,4.250,0.000
1552.200,0.000,0.000,0.076,4.150,4.250,0.000
1554.800,0.000,0.000,0.076,4.473,4.250,0.000
1557.400,0.000,0.000,0.076,4.795,4.250,0.000
1560.000,0.000,0.000,0.076,5.118,4.250,0.000
1562.600,0.000,0.000,0.076,5.441,4.250,0.000
1565.200,0.000,0.000,0.076,5.763,4.250,0.000
1567.800,0.000,0.000,0.076,6.086,4.250,0.000
1570.400,0.000,0.000,0.076,0.126,4.250,0.000
1573.000,0.000,0.000,0.076,0.448,4.250,0.000
1575.600,0.000,0.000,0.076,0.771,4.250,0.000
1578.200,0.000,0.000,0.076,1.094,4.250,0.000
1580.800,0.000,0.000,0.076,1.416,4.250,0.000
1583.400,0.000,0.000,0.076,1.739,4.250,0.000
1586.000,0.000,0.000,0.076,2.062,4.250,0.000
1588.600,0.000,0.000,0.076,2.384,4.250,0.000
1591.200,0.000,0.000,0.076,2.707,4.250,0.000
1593.800,0.000,0.000,0.076,3.030,4.250,0.000
1596.400,0.000,0.000,0.076,3.352,4.250,0.000
1599.000,0.000,0.000,0.076,3.675,4.250,0.000
1601.600,0.000,0.000,0.076,3.998,4.250,0.000
1604.200,0.000,0.000,0.076,4.320,4.250,0.000
1606.800,0.000,0.000,0.076,4.643,4.250,0.000
1609.400,0.000,0.000,0.076,4.966,4.250,0.000
1612.000,0.000,0.000,0.076,5.289,4.250,0.000
1614.600,0.000,0.000,0.076,5.611,4.250,0.000
1617.200,0.000,0.000,0.076,5.934,4.250,0.000
1619.800,0.000,0.000,0.076,6.257,4.250,0.000
1622.400,0.000,0.000,0.076,0.296,4.250,0.000
1625.000,0.000,0.000,0.076,0.619,4.250,0.000
1627.600,0.000,0.000,0.076,0.941,4.250,0.000
1630.200,0.000,0.000,0.076,1.264,4.250,0.000
1632.800,0.000,0.000,0.076,1.587,4.250,0.000
1635.400,0.000,0.000,0.076,1.910,4.250,0.000
1638.000,0.000,0.000,0.076,2.232,4.250,0.000
1640.600,0.000,0.000,0.076,2.555,4.250,0.000
1643.200,0.000,0.000,0.076,2.878,4.250,0.000
1645.800,0.000,0.000,0.076,3.200,4.250,0.000
1648.400,0.000,0.000,0.076,3.523,4.250,0.000
1651.000,0.000,0.000,0.076,3.846,4.250,0.000
1653.600,0.000,0.000,0.076,4.168,4.250,0.000
1656.200,0.000,0.000,0.076,4.491,4.250,0.000
1658.800,0.000,0.000,0.076,4.814,4.250,0.000
1661.400,0.000,0.000,0.076,5.136,4.250,0.000
1664.000,0.000,0.000,0.076,5.459,4.250,0.000
1666.600,0.000,0.000,0.076,5.782,4.250,0.000
1669.200,0.000,0.000,0.076,6.105,4.250,0.000
1671.800,0.000,0.000,0.076,0.144,4.250,0.000
1674.400,0.000,0.000,0.076,0.467,4.250,0.000
1677.000,0.000,0.000,0.076,0.789,4.250,0.000
1679.600,0.000,0.000,0.076,1.112,4.250,0.000
1682.200,0.000,0.000,0.076,1.435,4.250,0.000
1684.800,0.000,0.000,0.076,1.757,4.250,0.000
1687.400,0.000,0.000,0.076,2.080,4.250,0.000
1690.000,0.000,0.000,0.076,2.403,4.250,0.000
1692.600,0.000,0.000,0.076,2.726,4.250,0.000
1695.200,0.000,0.000,0.076,3.048,4.250,0.000
1697.800,0.000,0.000,0.076,3.371,4.250,0.000
1700.400,0.000,0.000,0.076,3.694,4.250,0.000
1703.000,0.000,0.000,0.076,4.016,4.250,0.000
1705.600,0.000,0.000,0.076,4.339,4.250,0.000
1708.200,0.000,0.000,0.076,4.662,4.250,0.000
1710.800,0.000,0.000,0.076,4.984,4.250,0.000
1713.400,0.000,0.000,0.076,5.307,4.250,0.000
1716.000,0.000,0.000,0.076,5.630,4.250,0.000
1718.600,0.000,0.000,0.076,5.952,4.250,0.000
1721.200,0.000,0.000,0.076,6.275,4.250,0.000
1723.800,0.000,0.000,0.076,0.315,4.250,0.000
1726.400,0.000,0.000,0.076,0.637,4.250,0.000
1729.000,0.000,0.000,0.076,0.960,4.250,0.000
1731.600,0.000,0.000,0.076,1.283,4.250,0.000
1734.200,0.000,0.000,0.076,1.605,4.250,0.000
1736.800,0.000,0.000,0.076,1.928,4.250,0.000
1739.400,0.000,0.000,0.076,2.251,4.250,0.000
1742.000,0.000,0.000,0.076,2.573,4.250,0.000
1744.600,0.000,0.000,0.076,2.896,4.250,0.000
1747.200,0.000,0.000,0.076,3.219,4.250,0.000
1749.800,0.000,0.000,0.076,3.541,4.250,0.000
1752.400,0.000,0.000,0.076,3.864,4.250,0.000
1755.000,0.000,0.000,0.076,4.187,4.250,0.000
1757.600,0.000,0.000,0.076,4.510,4.250,0.000
1760.200,0.000,0.000,0.076,4.832,4.250,0.000
1762.800,0.000,0.000,0.076,5.155,4.250,0.000
1765.400,0.000,0.000,0.076,5.478,4.250,0.000
1768.000,0.000,0.000,0.076,5.800,4.250,0.000
1770.600,0.000,0.000,0.076,6.123,4.250,0.000
1773.200,0.000,0.000,0.076,0.163,4.250,0.000
1775.800,0.000,0.000,0.076,0.485,4.250,0.000
1778.400,0.000,0.000,0.076,0.808,4.250,0.000
1781.000,0.000,0.000,0.076,1.131,4.250,0.000
1783.600,0.000,0.000,0.076,1.453,4.250,0.000
1786.200,0.000,0.000,0.076,1.776,4.250,0.000
1788.800,0.000,0.000,0.076,2.099,4.250,0.000
1791.400,0.000,0.000,0.076,2.421,4.250,0.000
1794.000,0.000,0.000,0.076,2.744,4.250,0.000
1796.600,0.000,0.000,0.076,3.067,4.250,0.000
1799.200,0.000,0.000,0.076,3.389,4.250,0.000
1801.800,0.000,0.000,0.076,3.712,4.250,0.000
1804.400,0.000,0.000,0.076,4.035,4.250,0.000
1807.000,0.000,0.000,0.076,4.357,4.250,0.000
1809.600,0.000,0.000,0.076,4.680,4.250,0.000
1812.200,0.000,0.000,0.076,5.003,4.250,0.000
1814.800,0.000,0.000,0.076,5.326,4.250,0.000
1817.400,0.000,0.000,0.076,5.648,4.250,0.000
1820.000,0.000,0.000,0.076,5.971,4.250,0.000
1822.600,0.000,0.000,0.076,0.010,4.250,0.000
1825.200,0.000,0.000,0.076,0.333,4.250,0.000
1827.800,0.000,0.000,0.076,0.656,4.250,0.000
1830.400,0.000,0.000,0.076,0.978,4.250,0.000
1833.000,0.000,0.000,0.076,1.301,4.250,0.000
1835.600,0.000,0.000,0.076,1.624,4.250,0.000
1838.200,0.000,0.000,0.076,1.947,4.250,0.000
1840.800,0.000,0.000,0.076,2.269,4.250,0.000
1843.400,0.000,0.000,0.076,2.592,4.250,0.000
1846.000,0.000,0.000,0.076,2.915,4.250,0.000
1848.600,0.000,0.000,0.076,3.237,4.250,0.000
1851.200,0.000,0.000,0.076,3.560,4.250,0.000
1853.800,0.000,0.000,0.076,3.883,4.250,0.000
1856.400,0.000,0.000,0.076,4.205,4.250,0.000
1859.000,0.000,0.000,0.076,4.528,4.250,0.000
1861.600,0.000,0.000,0.076,4.851,4.250,0.000
1864.200,0.000,0.000,0.076,5.173,4.250,0.000
1866.800,0.000,0.000,0.076,5.496,4.250,0.000
1869.400,0.000,0.000,0.076,5.819,4.250,0.000
1872.000,0.000,0.000,0.076,6.142,4.250,0.000
1874.600,0.000,0.000,0.076,0.181,4.250,0.000
1877.200,0.000,0.000,0.076,0.504,4.250,0.000
1879.800,0.000,0.000,0.076,0.826,4.250,0.000
1882.400,0.000,0.000,0.076,1.149,4.250,0.000
1885.000,0.000,0.000,0.076,1.472,4.250,0.000
1887.600,0.000,0.000,0.076,1.794,4.250,0.000
1890.200,0.000,0.000,0.076,2.117,4.250,0.000
1892.800,0.000,0.000,0.076,2.440,4.250,0.000
1895.400,0.000,0.000,0.076,2.763,4.250,0.000
1898.000,0.000,0.000,0.076,3.085,4.250,0.000
1900.600,0.000,0.000,0.076,3.408,4.250,0.000
1903.200,0.000,0.000,0.076,3.731,4.250,0.000
1905.800,0.000,0.000,0.076,4.053,4.250,0.000
1908.400,0.000,0.000,0.076,4.376,4.250,0.000
1911.000,0.000,0.000,0.076,4.699,4.250,0.000
1913.600,0.000,0.000,0.076,5.021,4.250,0.000
1916.200,0.000,0.000,0.076,5.344,4.250,0.000
1918.800,0.000,0.000,0.076,5.667,4.250,0.000
1921.400,0.000,0.000,0.076,5.989,4.250,0.000
1924.000,0.000,0.000,0.076,0.029,4.250,0.000
1926.600,0.000,0.000,0.076,0.352,4.250,0.000
1929.200,0.000,0.000,0.076,0.674,4.250,0.000
1931.800,0.000,0.000,0.076,0.997,4.250,0.000
1934.400,0.000,0.000,0.076,1.320,4.250,0.000
1937.000,0.000,0.000,0.076,1.642,4.250,0.000
1939.600,0.000,0.000,0.076,1.965,4.250,0.000
1942.200,0.000,0.000,0.076,2.288,4.250,0.000
1944.800,0.000,0.000,0.076,2.610,4.250,0.000
1947.400,0.000,0.000,0.076,2.933,4.250,0.000
1950.000,0.000,0.000,0.076,3.256,4.250,0.000
1952.600,0.000,0.000,0.076,3.579,4.250,0.000
1955.200,0.000,0.000,0.076,3.901,4.250,0.000
1957.800,0.000,0.000,0.076,4.224,4.250,0.000
1960.400,0.000,0.000,0.076,4.547,4.250,0.000
1963.000,0.000,0.000,0.076,4.869,4.250,0.000
1965.600,0.000,0.000,0.076,5.192,4.250,0.000
1968.200,0.000,0.000,0.076,5.515,4.250,0.000
1970.800,0.000,0.000,0.076,5.837,4.250,0.000
1973.400,0.000,0.000,0.076,6.160,4.250,0.000
1976.000,0.000,0.000,0.076,0.200,4.250,0.000
1978.600,0.000,0.000,0.076,0.522,4.250,0.000
1981.200,0.000,0.000,0.076,0.845,4.250,0.000
1983.800,0.000,0.000,0.076,1.168,4.250,0.000
1986.400,0.000,0.000,0.076,1.490,4.250,0.000
1989.000,0.000,0.000,0.076,1.813,4.250,0.000
1991.600,0.000,0.000,0.076,2.136,4.250,0.000
1994.200,0.000,0.000,0.076,2.458,4.250,0.000
1996.800,0.000,0.000,0.076,2.781,4.250,0.000
1999.400,0.000,0.000,0.076,3.104,4.250,0.000
2002.000,0.000,0.000,0.076,3.426,4.250,0.000
2004.600,0.000,0.000,0.076,3.749,4.250,0.000
2007.200,0.000,0.000,0.076,4.072,4.250,0.000
2009.800,0.000,0.000,0.076,4.394,4.250,0.000
2012.400,0.000,0.000,0.076,4.717,4.250,0.000
2015.000,0.000,0.000,0.076,5.040,4.250,0.000
2017.600,0.000,0.000,0.076,5.363,4.250,0.000
2020.200,0.000,0.000,0.076,5.685,4.250,0.000
2022.800,0.000,0.000,0.076,6.008,4.250,0.000
2025.400,0.000,0.000,0.076,0.047,4.250,0.000
2028.000,0.000,0.000,0.076,0.370,4.250,0.000
2030.600,0.000,0.000,0.076,0.693,4.250,0.000
2033.200,0.000,0.000,0.076,1.016,4.250,0.000
2035.800,0.000,0.000,0.076,1.338,4.250,0.000
2038.400,0.000,0.000,0.076,1.661,4.250,0.000
2041.000,0.000,0.000,0.076,1.984,4.250,0.000
2043.600,0.000,0.000,0.076,2.306,4.250,0.000
2046.200,0.000,0.000,0.076,2.629,4.250,0.000
2048.800,0.000,0.000,0.076,2.952,4.250,0.000
2051.400,0.000,0.000,0.076,3.274,4.250,0.000
2054.000,0.000,0.000,0.076,3.597,4.250,0.000
2056.600,0.000,0.000,0.076,3.920,4.250,0.000
2059.200,0.000,0.000,0.076,4.242,4.250,0.000
2061.800,0.000,0.000,0.076,4.565,4.250,0.000
2064.400,0.000,0.000,0.076,4.888,4.250,0.000
2067.000,0.000,0.000,0.076,5.210,4.250,0.000
2069.600,0.000,0.000,0.076,5.533,4.250,0.000
2072.200,0.000,0.000,0.076,5.856,4.250,0.000
2074.800,0.000,0.000,0.076,6.179,4.250,0.000
2077.400,0.000,0.000,0.076,0.218,4.250,0.000
2080.000,0.000,0.000,0.076,0.541,4.250,0.000
2082.600,0.000,0.000,0.076,0.863,4.250,0.000
2085.200,0.000,0.000,0.076,1.186,4.250,0.000
2087.800,0.000,0.000,0.076,1.509,4.250,0.000
2090.400,0.000,0.000,0.076,1.831,4.250,0.000
2093.000,0.000,0.000,0.076,2.154,4.250,0.000
2095.600,0.000,0.000,0.076,2.477,4.250,0.000
2098.200,0.000,0.000,0.076,2.800,4.250,0.000
2100.800,0.000,0.000,0.076,3.122,4.250,0.000
2103.400,0.000,0.000,0.076,3.445,4.250,0.000
2106.000,0.000,0.000,0.076,3.768,4.250,0.000
2108.600,0.000,0.000,0.076,4.090,4.250,0.000
2111.200,0.000,0.000,0.076,4.413,4.250,0.000
2113.800,0.000,0.000,0.076,4.736,4.250,0.000
2116.400,0.000,0.000,0.076,5.058,4.250,0.000
2119.000,0.000,0.000,0.076,5.381,4.250,0.000
2121.600,0.000,0.000,0.076,5.704,4.250,0.000
2124.200,0.000,0.000,0.076,6.026,4.250,0.000
2126.800,0.000,0.000,0.076,0.066,4.250,0.000
2129.400,0.000,0.000,0.076,0.389,4.250,0.000
2132.000,0.000,0.000,0.076,0.711,4.250,0.000
2134.600,0.000,0.000,0.076,1.034,4.250,0.000
2137.200,0.000,0.000,0.076,1.357,4.250,0.000
2139.800,0.000,0.000,0.076,1.679,4.250,0.000
2142.400,0.000,0.000,0.076,2.002,4.250,0.000
2145.000,0.000,0.000,0.076,2.325,4.250,0.000
2147.600,0.000,0.000,0.076,2.647,4.250,0.000
2150.200,0.000,0.000,0.076,2.970,4.250,0.000
2152.800,0.000,0.000,0.076,3.293,4.250,0.000
2155.400,0.000,0.000,0.076,3.616,4.250,0.000
2158.000,0.000,0.000,0.076,3.938,4.250,0.000
2160.600,0.000,0.000,0.076,4.261,4.250,0.000
2163.200,0.000,0.000,0.076,4.584,4.250,0.000
2165.800,0.000,0.000,0.076,4.906,4.250,0.000
2168.400,0.000,0.000,0.076,5.229,4.250,0.000
2171.000,0.000,0.000,0.076,5.552,4.250,0.000
2173.600,0.000,0.000,0.076,5.874,4.250,0.000
2176.200,0.000,0.000,0.076,6.197,4.250,0.000
2178.800,0.000,0.000,0.076,0.237,4.250,0.000
2181.400,0.000,0.000,0.076,0.559,4.250,0.000
2184.000,0.000,0.000,0.076,0.882,4.250,0.000
2186.600,0.000,0.000,0.076,1.205,4.250,0.000
2189.200,0.000,0.000,0.076,1.527,4.250,0.000
2191.800,0.000,0.000,0.076,1.850,4.250,0.000
2194.400,0.000,0.000,0.076,2.173,4.250,0.000
2197.000,0.000,0.000,0.076,2.495,4.250,0.000
2199.600,0.000,0.000,0.076,2.818,4.250,0.000
2202.200,0.000,0.000,0.076,3.141,4.250,0.000
2204.800,0.000,0.000,0.076,3.463,4.250,0.000
2207.400,0.000,0.000,0.076,3.786,4.250,0.000
2210.000,0.000,0.000,0.076,4.109,4.250,0.000
2212.600,0.000,0.000,0.076,4.431,4.250,0.000
2215.200,0.000,0.000,0.076,4.754,4.250,0.000
2217.800,0.000,0.000,0.076,5.077,4.250,0.000
2220.400,0.000,0.000,0.076,5.400,4.250,0.000
2223.000,0.000,0.000,0.076,5.722,4.250,0.000
2225.600,0.000,0.000,0.076,6.045,4.250,0.000
2228.200,0.000,0.000,0.076,0.084,4.250,0.000
2230.800,0.000,0.000,0.076,0.407,4.250,0.000
2233.400,0.000,0.000,0.076,0.730,4.250,0.000
2236.000,0.000,0.000,0.076,1.053,4.250,0.000
2238.600,0.000,0.000,0.076,1.375,4.250,0.000
2241.200,0.000,0.000,0.076,1.698,4.250,0.000
2243.800,0.000,0.000,0.076,2.021,4.250,0.000
2246.400,0.000,0.000,0.076,2.343,4.250,0.000
2249.000,0.000,0.000,0.076,2.666,4.250,0.000
2251.600,0.000,0.000,0.076,2.989,4.250,0.000
2254.200,0.000,0.000,0.076,3.311,4.250,0.000
2256.800,0.000,0.000,0.076,3.634,4.250,0.000
2259.400,0.000,0.000,0.076,3.957,4.250,0.000
2262.000,0.000,0.000,0.076,4.279,4.250,0.000
2264.600,0.000,0.000,0.076,4.602,4.250,0.000
2267.200,0.000,0.000,0.076,4.925,4.250,0.000
2269.800,0.000,0.000,0.076,5.247,4.250,0.000
2272.400,0.000,0.000,0.076,5.570,4.250,0.000
2275.000,0.000,0.000,0.076,5.893,4.250,0.000
2277.600,0.000,0.000,0.076,6.216,4.250,0.000
2280.200,0.000,0.000,0.076,0.255,4.250,0.000
2282.800,0.000,0.000,0.076,0.578,4.250,0.000
2285.400,0.000,0.000,0.076,0.900,4.250,0.000
2288.000,0.000,0.000,0.076,1.223,4.250,0.000
2290.600,0.000,0.000,0.076,1.546,4.250,0.000
2293.200,0.000,0.000,0.076,1.868,4.250,0.000
2295.800,0.000,0.000,0.076,2.191,4.250,0.000
2298.400,0.000,0.000,0.076,2.514,4.250,0.000
2301.000,0.000,0.000,0.076,2.837,4.250,0.000
2303.600,0.000,0.000,0.076,3.159,4.250,0.000
2306.200,0.000,0.000,0.076,3.482,4.250,0.000
2308.800,0.000,0.000,0.076,3.805,4.250,0.000
2311.400,0.000,0.000,0.076,4.127,4.250,0.000
2314.000,0.000,0.000,0.076,4.450,4.250,0.000
2316.600,0.000,0.000,0.076,4.773,4.250,0.000
2319.200,0.000,0.000,0.076,5.095,4.250,0.000
2321.800,0.000,0.000,0.076,5.418,4.250,0.000
2324.400,0.000,0.000,0.076,5.741,4.250,0.000
2327.000,0.000,0.000,0.076,6.063,4.250,0.000
2329.600,0.000,0.000,0.076,0.103,4.250,0.000
2332.200,0.000,0.000,0.076,0.426,4.250,0.000
2334.800,0.000,0.000,0.076,0.748,4.250,0.000
2337.400,0.000,0.000,0.076,1.071,4.250,0.000
2340.000,0.000,0.000,0.076,1.394,4.250,0.000
2342.600,0.000,0.000,0.076,1.716,4.250,0.000
2345.200,0.000,0.000,0.076,2.039,4.250,0.000
2347.800,0.000,0.000,0.076,2.362,4.250,0.000
2350.400,0.000,0.000,0.076,2.684,4.250,0.000
2353.000,0.000,0.000,0.076,3.007,4.250,0.000
2355.600,0.000,0.000,0.076,3.330,4.250,0.000
2358.200,0.000,0.000,0.076,3.653,4.250,0.000
2360.800,0.000,0.000,0.076,3.975,4.250,0.000
2363.400,0.000,0.000,0.076,4.298,4.250,0.000
2366.000,0.000,0.000,0.076,4.621,4.250,0.000
2368.600,0.000,0.000,0.076,4.943,4.250,0.000
2371.200,0.000,0.000,0.076,5.266,4.250,0.000
2373.800,0.000,0.000,0.076,5.589,4.250,0.000
2376.400,0.000,0.000,0.076,5.911,4.250,0.000
2379.000,0.000,0.000,0.076,6.234,4.250,0.000
2381.600,0.000,0.000,0.076,0.274,4.250,0.000
2384.200,0.000,0.000,0.076,0.596,4.250,0.000
2386.800,0.000,0.000,0.076,0.919,4.250,0.000
2389.400,0.000,0.000,0.076,1.242,4.250,0.000
2392.000,0.000,0.000,0.076,1.564,4.250,0.000
2394.600,0.000,0.000,0.076,1.887,4.250,0.000
2397.200,0.000,0.000,0.076,2.210,4.250,0.000
2399.800,0.000,0.000,0.076,2.532,4.250,0.000
2402.400,0.000,0.000,0.076,2.855,4.250,0.000
2405.000,0.000,0.000,0.076,3.178,4.250,0.000
2407.600,0.000,0.000,0.076,3.500,4.250,0.000
2410.200,0.000,0.000,0.076,3.823,4.250,0.000
2412.800,0.000,0.000,0.076,4.146,4.250,0.000
2415.400,0.000,0.000,0.076,4.469,4.250,0.000
2418.000,0.000,0.000,0.076,4.791,4.250,0.000
2420.600,0.000,0.000,0.076,5.114,4.250,0.000
2423.200,0.000,0.000,0.076,5.437,4.250,0.000
2425.800,0.000,0.000,0.076,5.759,4.250,0.000
2428.400,0.000,0.000,0.076,6.082,4.250,0.000
2431.000,0.000,0.000,0.076,0.121,4.250,0.000
2433.600,0.000,0.000,0.076,0.444,4.250,0.000
2436.200,0.000,0.000,0.076,0.767,4.250,0.000
2438.800,0.000,0.000,0.076,1.090,4.250,0.000
2441.400,0.000,0.000,0.076,1.412,4.250,0.000
2444.000,0.000,0.000,0.076,1.735,4.250,0.000
2446.600,0.000,0.000,0.076,2.058,4.250,0.000
2449.200,0.000,0.000,0.076,2.380,4.250,0.000
2451.800,0.000,0.000,0.076,2.703,4.250,0.000
2454.400,0.000,0.000,0.076,3.026,4.250,0.000
2457.000,0.000,0.000,0.076,3.348,4.250,0.000
2459.600,0.000,0.000,0.076,3.671,4.250,0.000
2462.200,0.000,0.000,0.076,3.994,4.250,0.000
2464.800,0.000,0.000,0.076,4.316,4.250,0.000
2467.400,0.000,0.000,0.076,4.639,4.250,0.000
2470.000,0.000,0.000,0.076,4.962,4.250,0.000
2472.600,0.000,0.000,0.076,5.284,4.250,0.000
2475.200,0.000,0.000,0.076,5.607,4.250,0.000
2477.800,0.000,0.000,0.076,5.930,4.250,0.000
2480.400,0.000,0.000,0.076,6.253,4.250,0.000
2483.000,0.000,0.000,0.076,0.292,4.250,0.000
2485.600,0.000,0.000,0.076,0.615,4.250,0.000
2488.200,0.000,0.000,0.076,0.937,4.250,0.000
2490.800,0.000,0.000,0.076,1.260,4.250,0.000
2493.400,0.000,0.000,0.076,1.583,4.250,0.000
2496.000,0.000,0.000,0.076,1.906,4.250,0.000
2498.600,0.000,0.000,0.076,2.228,4.250,0.000
2501.200,0.000,0.000,0.076,2.551,4.250,0.000
2503.800,0.000,0.000,0.076,2.874,4.250,0.000
2506.400,0.000,0.000,0.076,3.196,4.250,0.000
2509.000,0.000,0.000,0.076,3.519,4.250,0.000
2511.600,0.000,0.000,0.076,3.842,4.250,0.000
2514.200,0.000,0.000,0.076,4.164,4.250,0.000
2516.800,0.000,0.000,0.076,4.487,4.250,0.000
2519.400,0.000,0.000,0.076,4.810,4.250,0.000
2522.000,0.000,0.000,0.076,5.132,4.250,0.000
2524.600,0.000,0.000,0.076,5.455,4.250,0.000
2527.200,0.000,0.000,0.076,5.778,4.250,0.000
2529.800,0.000,0.000,0.076,6.100,4.250,0.000
2532.400,0.000,0.000,0.076,0.140,4.250,0.000
2535.000,0.000,0.000,0.076,0.463,4.250,0.000
2537.600,0.000,0.000,0.076,0.785,4.250,0.000
2540.200,0.000,0.000,0.076,1.108,4.250,0.000
2542.800,0.000,0.000,0.076,1.431,4.250,0.000
2545.400,0.000,0.000,0.076,1.753,4.250,0.000
2548.000,0.000,0.000,0.076,2.076,4.250,0.000
2550.600,0.000,0.000,0.076,2.399,4.250,0.000
2553.200,0.000,0.000,0.076,2.721,4.250,0.000
2555.800,0.000,0.000,0.076,3.044,4.250,0.000
2558.400,0.000,0.000,0.076,3.367,4.250,0.000
2561.000,0.000,0.000,0.076,3.690,4.250,0.000
2563.600,0.000,0.000,0.076,4.012,4.250,0.000
2566.200,0.000,0.000,0.076,4.335,4.250,0.000
2568.800,0.000,0.000,0.076,4.658,4.250,0.000
2571.400,0.000,0.000,0.076,4.980,4.250,0.000
2574.000,0.000,0.000,0.076,5.303,4.250,0.000
2576.600,0.000,0.000,0.076,5.626,4.250,0.000
2579.200,0.000,0.000,0.076,5.948,4.250,0.000
2581.800,0.000,0.000,0.076,6.271,4.250,0.000
2584.400,0.000,0.000,0.076,0.311,4.250,0.000
2587.000,0.000,0.000,0.076,0.633,4.250,0.000
2589.600,0.000,0.000,0.076,0.956,4.250,0.000
2592.200,0.000,0.000,0.076,1.279,4.250,0.000
2594.800,0.000,0.000,0.076,1.601,4.250,0.000
2597.400,0.000,0.000,0.076,1.924,4.250,0.000
2600.000,0.000,0.000,0.076,2.247,4.250,0.000
2602.600,0.000,0.000,0.076,2.569,4.250,0.000
2605.200,0.000,0.000,0.076,2.892,4.250,0.000
2607.800,0.000,0.000,0.076,3.215,4.250,0.000
2610.400,0.000,0.000,0.076,3.537,4.250,0.000
2613.000,0.000,0.000,0.076,3.860,4.250,0.000
2615.600,0.000,0.000,0.076,4.183,4.250,0.000
2618.200,0.000,0.000,0.076,4.506,4.250,0.000
2620.800,0.000,0.000,0.076,4.828,4.250,0.000
2623.400,0.000,0.000,0.076,5.151,4.250,0.000
2626.000,0.000,0.000,0.076,5.474,4.250,0.000
2628.600,0.000,0.000,0.076,5.796,4.250,0.000
2631.200,0.000,0.000,0.076,6.119,4.250,0.000
2633.800,0.000,0.000,0.076,0.158,4.250,0.000
2636.400,0.000,0.000,0.076,0.481,4.250,0.000
2639.000,0.000,0.000,0.076,0.804,4.250,0.000
2641.600,0.000,0.000,0.076,1.127,4.250,0.000
2644.200,0.000,0.000,0.076,1.449,4.250,0.000
2646.800,0.000,0.000,0.076,1.772,4.250,0.000
2649.400,0.000,0.000,0.076,2.095,4.250,0.000
2652.000,0.000,0.000,0.076,2.417,4.250,0.000
2654.600,0.000,0.000,0.076,2.740,4.250,0.000
2657.200,0.000,0.000,0.076,3.063,4.250,0.000
2659.800,0.000,0.000,0.076,3.385,4.250,0.000
2662.400,0.000,0.000,0.076,3.708,4.250,0.000
2665.000,0.000,0.000,0.076,4.031,4.250,0.000
2667.600,0.000,0.000,0.076,4.353,4.250,0.000
2670.200,0.000,0.000,0.076,4.676,4.250,0.000
2672.800,0.000,0.000,0.076,4.999,4.250,0.000
2675.400,0.000,0.000,0.076,5.322,4.250,0.000
2678.000,0.000,0.000,0.076,5.644,4.250,0.000
2680.600,0.000,0.000,0.076,5.967,4.250,0.000
2683.200,0.000,0.000,0.076,0.006,4.250,0.000
2685.800,0.000,0.000,0.076,0.329,4.250,0.000
2688.400,0.000,0.000,0.076,0.652,4.250,0.000
2691.000,0.000,0.000,0.076,0.974,4.250,0.000
2693.600,0.000,0.000,0.076,1.297,4.250,0.000
2696.200,0.000,0.000,0.076,1.620,4.250,0.000
2698.800,0.000,0.000,0.076,1.943,4.250,0.000
2701.400,0.000,0.000,0.076,2.265,4.250,0.000
2704.000,0.000,0.000,0.076,2.588,4.250,0.000
2706.600,0.000,0.000,0.076,2.911,4.250,0.000
2709.200,0.000,0.000,0.076,3.233,4.250,0.000
2711.800,0.000,0.000,0.076,3.556,4.250,0.000
2714.400,0.000,0.000,0.076,3.879,4.250,0.000
2717.000,0.000,0.000,0.076,4.201,4.250,0.000
2719.600,0.000,0.000,0.076,4.524,4.250,0.000
2722.200,0.000,0.000,0.076,4.847,4.250,0.000
2724.800,0.000,0.000,0.076,5.169,4.250,0.000
2727.400,0.000,0.000,0.076,5.492,4.250,0.000
2730.000,0.000,0.000,0.076,5.815,4.250,0.000
2732.600,0.000,0.000,0.076,6.137,4.250,0.000
2735.200,0.000,0.000,0.076,0.177,4.250,0.000
2737.800,0.000,0.000,0.076,0.500,4.250,0.000
2740.400,0.000,0.000,0.076,0.822,4.250,0.000
2743.000,0.000,0.000,0.076,1.145,4.250,0.000
2745.600,0.000,0.000,0.076,1.468,4.250,0.000
2748.200,0.000,0.000,0.076,1.790,4.250,0.000
2750.800,0.000,0.000,0.076,2.113,4.250,0.000
2753.400,0.000,0.000,0.076,2.436,4.250,0.000
2756.000,0.000,0.000,0.076,2.758,4.250,0.000
2758.600,0.000,0.000,0.076,3.081,4.250,0.000
2761.200,0.000,0.000,0.076,3.404,4.250,0.000
2763.800,0.000,0.000,0.076,3.727,4.250,0.000
2766.400,0.000,0.000,0.076,4.049,4.250,0.000
2769.000,0.000,0.000,0.076,4.372,4.250,0.000
2771.600,0.000,0.000,0.076,4.695,4.250,0.000
2774.200,0.000,0.000,0.076,5.017,4.250,0.000
2776.800,0.000,0.000,0.076,5.340,4.250,0.000
2779.400,0.000,0.000,0.076,5.663,4.250,0.000
2782.000,0.000,0.000,0.076,5.985,4.250,0.000
2784.600,0.000,0.000,0.076,0.025,4.250,0.000
2787.200,0.000,0.000,0.076,0.348,4.250,0.000
2789.800,0.000,0.000,0.076,0.670,4.250,0.000
2792.400,0.000,0.000,0.076,0.993,4.250,0.000
2795.000,0.000,0.000,0.076,1.316,4.250,0.000
2797.600,0.000,0.000,0.076,1.638,4.250,0.000
2800.200,0.000,0.000,0.076,1.961,4.250,0.000
2802.800,0.000,0.000,0.076,2.284,4.250,0.000
2805.400,0.000,0.000,0.076,2.606,4.250,0.000
2808.000,0.000,0.000,0.076,2.929,4.250,0.000
2810.600,0.000,0.000,0.076,3.252,4.250,0.000
2813.200,0.000,0.000,0.076,3.574,4.250,0.000
2815.800,0.000,0.000,0.076,3.897,4.250,0.000
2818.400,0.000,0.000,0.076,4.220,4.250,0.000
2821.000,0.000,0.000,0.076,4.543,4.250,0.000
2823.600,0.000,0.000,0.076,4.865,4.250,0.000
2826.200,0.000,0.000,0.076,5.188,4.250,0.000
2828.800,0.000,0.000,0.076,5.511,4.250,0.000
2831.400,0.000,0.000,0.076,5.833,4.250,0.000
2834.000,0.000,0.000,0.076,6.156,4.250,0.000
2836.600,0.000,0.000,0.076,0.195,4.250,0.000
2839.200,0.000,0.000,0.076,0.518,4.250,0.000
2841.800,0.000,0.000,0.076,0.841,4.250,0.000
2844.400,0.000,0.000,0.076,1.164,4.250,0.000
2847.000,0.000,0.000,0.076,1.486,4.250,0.000
2849.600,0.000,0.000,0.076,1.809,4.250,0.000
2852.200,0.000,0.000,0.076,2.132,4.250,0.000
2854.800,0.000,0.000,0.076,2.454,4.250,0.000
2857.400,0.000,0.000,0.076,2.777,4.250,0.000
2860.000,0.000,0.000,0.076,3.100,4.250,0.000
2862.600,0.000,0.000,0.076,3.422,4.250,0.000
2865.200,0.000,0.000,0.076,3.745,4.250,0.000
2867.800,0.000,0.000,0.076,4.068,4.250,0.000
2870.400,0.000,0.000,0.076,4.390,4.250,0.000
2873.000,0.000,0.000,0.076,4.713,4.250,0.000
2875.600,0.000,0.000,0.076,5.036,4.250,0.000
2878.200,0.000,0.000,0.076,5.359,4.250,0.000
2880.800,0.000,0.000,0.076,5.681,4.250,0.000
2883.400,0.000,0.000,0.076,6.004,4.250,0.000
2886.000,0.000,0.000,0.076,0.043,4.250,0.000
2888.600,0.000,0.000,0.076,0.366,4.250,0.000
2891.200,0.000,0.000,0.076,0.689,4.250,0.000
2893.800,0.000,0.000,0.076,1.011,4.250,0.000
2896.400,0.000,0.000,0.076,1.334,4.250,0.000
2899.000,0.000,0.000,0.076,1.657,4.250,0.000
2901.600,0.000,0.000,0.076,1.980,4.250,0.000
2904.200,0.000,0.000,0.076,2.302,4.250,0.000
2906.800,0.000,0.000,0.076,2.625,4.250,0.000
2909.400,0.000,0.000,0.076,2.948,4.250,0.000
2912.000,0.000,0.000,0.076,3.270,4.250,0.000
2914.600,0.000,0.000,0.076,3.593,4.250,0.000
2917.200,0.000,0.000,0.076,3.916,4.250,0.000
2919.800,0.000,0.000,0.076,4.238,4.250,0.000
2922.400,0.000,0.000,0.076,4.561,4.250,0.000
2925.000,0.000,0.000,0.076,4.884,4.250,0.000
2927.600,0.000,0.000,0.076,5.206,4.250,0.000
2930.200,0.000,0.000,0.076,5.529,4.250,0.000
2932.800,0.000,0.000,0.076,5.852,4.250,0.000
2935.400,0.000,0.000,0.076,6.174,4.250,0.000
2938.000,0.000,0.000,0.076,0.214,4.250,0.000
2940.600,0.000,0.000,0.076,0.537,4.250,0.000
2943.200,0.000,0.000,0.076,0.859,4.250,0.000
2945.800,0.000,0.000,0.076,1.182,4.250,0.000
2948.400,0.000,0.000,0.076,1.505,4.250,0.000
2951.000,0.000,0.000,0.076,1.827,4.250,0.000
2953.600,0.000,0.000,0.076,2.150,4.250,0.000
2956.200,0.000,0.000,0.076,2.473,4.250,0.000
2958.800,0.000,0.000,0.076,2.796,4.250,0.000
2961.400,0.000,0.000,0.076,3.118,4.250,0.000
2964.000,0.000,0.000,0.076,3.441,4.250,0.000
2966.600,0.000,0.000,0.076,3.764,4.250,0.000
2969.200,0.000,0.000,0.076,4.086,4.250,0.000
2971.800,0.000,0.000,0.076,4.409,4.250,0.000
2974.400,0.000,0.000,0.076,4.732,4.250,0.000
2977.000,0.000,0.000,0.076,5.054,4.250,0.000
2979.600,0.000,0.000,0.076,5.377,4.250,0.000
2982.200,0.000,0.000,0.076,5.700,4.250,0.000
2984.800,0.000,0.000,0.076,6.022,4.250,0.000
2987.400,0.000,0.000,0.076,0.062,4.250,0.000
2990.000,0.000,0.000,0.076,0.385,4.250,0.000
2992.600,0.000,0.000,0.076,0.707,4.250,0.000
2995.200,0.000,0.000,0.076,1.030,4.250,0.000
2997.800,0.000,0.000,0.076,1.353,4.250,0.000
3000.400,0.000,0.000,0.076,1.675,4.250,0.000
3003.000,0.000,0.000,0.076,1.998,4.250,0.000
3005.600,0.000,0.000,0.076,2.321,4.250,0.000
3008.200,0.000,0.000,0.076,2.643,4.250,0.000
3010.800,0.000,0.000,0.076,2.966,4.250,0.000
3013.400,0.000,0.000,0.076,3.289,4.250,0.000
3016.000,0.000,0.000,0.076,3.611,4.250,0.000
3018.600,0.000,0.000,0.076,3.934,4.250,0.000
3021.200,0.000,0.000,0.076,4.257,4.250,0.000
3023.800,0.000,0.000,0.076,4.580,4.250,0.000
3026.400,0.000,0.000,0.076,4.902,4.250,0.000
3029.000,0.000,0.000,0.076,5.225,4.250,0.000
3031.600,0.000,0.000,0.076,5.548,4.250,0.000
3034.200,0.000,0.000,0.076,5.870,4.250,0.000
3036.800,0.000,0.000,0.076,6.193,4.250,0.000
3039.400,0.000,0.000,0.076,0.232,4.250,0.000
3042.000,0.000,0.000,0.076,0.555,4.250,0.000
3044.600,0.000,0.000,0.076,0.878,4.250,0.000
3047.200,0.000,0.000,0.076,1.201,4.250,0.000
3049.800,0.000,0.000,0.076,1.523,4.250,0.000
3052.400,0.000,0.000,0.076,1.846,4.250,0.000
3055.000,0.000,0.000,0.076,2.169,4.250,0.000
3057.600,0.000,0.000,0.076,2.491,4.250,0.000
3060.200,0.000,0.000,0.076,2.814,4.250,0.000
3062.800,0.000,0.000,0.076,3.137,4.250,0.000
3065.400,0.000,0.000,0.076,3.459,4.250,0.000
3068.000,0.000,0.000,0.076,3.782,4.250,0.000
3070.600,0.000,0.000,0.076,4.105,4.250,0.000
3073.200,0.000,0.000,0.076,4.427,4.250,0.000
3075.800,0.000,0.000,0.076,4.750,4.250,0.000
3078.400,0.000,0.000,0.076,5.073,4.250,0.000
3081.000,0.000,0.000,0.076,5.396,4.250,0.000
3083.600,0.000,0.000,0.076,5.718,4.250,0.000
3086.200,0.000,0.000,0.076,6.041,4.250,0.000
3088.800,0.000,0.000,0.076,0.080,4.250,0.000
3091.400,0.000,0.000,0.076,0.403,4.250,0.000
3094.000,0.000,0.000,0.076,0.726,4.250,0.000
3096.600,0.000,0.000,0.076,1.048,4.250,0.000
3099.200,0.000,0.000,0.076,1.371,4.250,0.000
3101.800,0.000,0.000,0.076,1.694,4.250,0.000
3104.400,0.000,0.000,0.076,2.017,4.250,0.000
3107.000,0.000,0.000,0.076,2.339,4.250,0.000
3109.600,0.000,0.000,0.076,2.662,4.250,0.000
3112.200,0.000,0.000,0.076,2.985,4.250,0.000
3114.800,0.000,0.000,0.076,3.307,4.250,0.000
3117.400,0.000,0.000,0.076,3.630,4.250,0.000
3120.000,0.000,0.000,0.076,3.953
