0.000,0.000,0.000,0.000,0.000,0.000,0.000
2.600,0.000,0.000,0.000,0.000,0.000,0.000
5.200,0.000,0.000,0.000,0.000,0.000,0.000
7.800,0.000,0.000,0.000,0.000,0.000,0.000
10.400,0.000,0.000,0.000,0.000,0.000,0.000
13.000,0.000,0.000,0.000,0.000,0.000,0.000
15.600,0.000,0.000,0.000,0.000,0.000,0.000
18.200,0.000,0.000,0.000,0.000,0.000,0.000
20.800,0.000,0.000,0.000,0.000,0.000,0.000
23.400,0.000,0.000,0.000,0.000,0.000,0.000
26.000,0.000,0.000,0.000,0.000,0.000,0.000
28.600,0.000,0.000,0.000,0.000,0.000,0.000
31.200,0.000,0.000,0.000,0.000,0.000,0.000
33.800,0.000,0.000,0.000,0.000,0.000,0.000
36.400,0.000,0.000,0.000,0.000,0.000,0.000
39.000,0.000,0.000,0.000,0.000,0.000,0.000
41.600,0.000,0.000,0.000,0.000,0.000,0.000
44.200,0.000,0.000,0.000,0.000,0.000,0.000
46.800,0.000,0.000,0.000,0.000,0.000,0.000
49.400,0.000,0.000,0.000,0.000,0.000,0.000
52.000,0.000,0.000,0.000,0.000,0.000,0.000
54.600,0.000,0.000,0.000,0.000,0.000,0.000
57.200,0.000,0.000,0.000,0.000,0.000,0.000
59.800,0.000,0.000,0.000,0.000,0.000,0.000
62.400,0.000,0.000,0.000,0.000,0.000,0.000
65.000,0.000,0.000,0.000,0.000,0.000,0.000
67.600,0.000,0.000,0.000,0.000,0.000,0.000
70.200,0.000,0.000,0.000,0.000,0.000,0.000
72.800,0.000,0.000,0.000,0.000,0.000,0.000
75.400,0.000,0.000,0.000,0.000,0.000,0.000
78.000,0.000,0.000,0.000,0.000,0.000,0.000
80.600,0.000,0.000,0.000,0.000,0.000,0.000
83.200,0.000,0.000,0.000,0.000,0.000,0.000
85.800,0.000,0.000,0.000,0.000,0.000,0.000
88.400,0.000,0.000,0.000,0.000,0.000,0.000
91.000,0.000,0.000,0.000,0.000,0.000,0.000
93.600,0.000,0.000,0.000,0.000,0.000,0.000
96.200,0.000,0.000,0.000,0.000,0.000,0.000
98.800,0.000,0.000,0.000,0.000,0.497,0.000
101.400,0.000,0.000,0.000,0.000,1.202,0.000
104.000,0.000,0.000,0.000,0.000,1.365,0.000
106.600,0.000,0.000,0.000,0.000,1.745,0.000
109.200,0.000,0.000,0.000,0.000,1.745,0.000
111.800,0.000,0.000,0.000,0.000,1.745,0.000
114.400,0.000,0.000,0.000,0.000,1.745,0.000
117.000,0.000,0.000,0.000,0.000,1.745,0.000
119.600,0.000,0.000,0.000,0.000,1.745,0.000
122.200,0.000,0.000,0.000,0.000,1.745,0.000
124.800,0.000,0.000,0.000,0.000,1.745,0.000
127.400,0.000,0.000,0.000,0.000,1.745,0.000
130.000,0.000,0.000,0.000,0.000,1.745,0.000
132.600,0.000,0.000,0.000,0.000,1.745,0.000
135.200,0.000,0.000,0.000,0.000,1.745,0.000
137.800,0.000,0.000,0.000,0.000,1.745,0.000
140.400,0.000,0.000,0.000,0.000,1.745,0.000
143.000,0.000,0.000,0.000,0.000,1.745,0.000
145.600,0.000,0.000,0.000,0.000,1.799,0.000
148.200,0.000,0.000,0.000,0.000,1.799,0.000
150.800,0.000,0.000,0.000,0.000,2.070,0.000
153.400,0.000,0.000,0.000,0.000,2.287,0.000
156.000,0.000,0.000,0.000,0.000,2.287,0.000
158.600,0.000,0.000,0.000,0.000,2.287,0.000
161.200,0.000,0.000,0.000,0.000,2.450,0.000
163.800,0.000,0.000,0.000,0.000,2.504,0.000
166.400,0.000,0.000,0.000,0.000,2.233,0.000
169.000,0.000,0.000,0.000,0.000,2.124,0.000
171.600,0.000,0.000,0.000,0.000,2.124,0.000
174.200,0.000,0.000,0.000,0.000,1.962,0.000
176.800,0.000,0.000,0.000,0.000,1.962,0.000
179.400,0.000,0.000,0.000,0.000,1.962,0.000
182.000,0.000,0.000,0.000,0.000,1.962,0.737
184.600,0.000,0.000,0.074,0.000,1.962,0.163
187.200,0.000,0.000,0.090,0.144,1.962,0.461
189.800,0.000,0.000,0.136,0.321,1.962,0.298
192.400,0.000,0.000,0.166,0.587,1.962,0.000
195.000,0.000,0.000,0.166,0.911,1.962,0.000
197.600,0.000,0.000,0.166,1.235,1.962,0.000
200.200,0.000,0.000,0.166,1.559,1.962,0.000
202.800,0.000,0.000,0.166,1.883,1.962,0.000
205.400,0.000,0.000,0.166,2.207,1.962,0.000
208.000,0.000,0.000,0.166,2.531,1.962,0.000
210.600,0.000,0.000,0.166,2.855,1.962,0.027
213.200,0.000,0.000,0.169,3.179,1.962,0.000
215.800,0.000,0.000,0.169,3.508,1.799,0.000
218.400,0.000,0.000,0.169,3.810,0.876,0.000
221.000,0.000,0.000,0.169,3.957,0.876,0.000
223.600,0.000,0.000,0.169,4.104,0.876,0.000
226.200,0.000,0.000,0.169,4.251,0.768,0.081
228.800,0.000,0.000,0.177,4.380,0.768,0.298
231.400,0.000,0.000,0.207,4.515,1.473,0.081
234.000,0.000,0.000,0.215,4.817,1.907,0.081
236.600,0.000,0.000,0.223,5.223,2.070,0.217
239.200,0.000,0.000,0.244,5.680,2.233,0.054
241.800,0.000,0.000,0.250,6.221,2.342,0.000
244.400,0.000,0.000,0.250,0.516,2.342,0.000
247.000,0.000,0.000,0.250,1.095,2.342,0.000
249.600,0.000,0.000,0.250,1.674,2.342,0.000
252.200,0.000,0.000,0.250,2.253,2.342,0.000
254.800,0.000,0.000,0.250,2.832,1.907,0.000
257.400,0.000,0.000,0.250,3.304,1.636,0.000
260.000,0.000,0.000,0.250,3.708,1.636,0.000
262.600,0.000,0.000,0.250,4.113,1.907,0.000
265.200,0.000,0.000,0.250,4.584,2.287,0.000
267.800,0.000,0.000,0.250,5.149,2.342,0.000
270.400,0.000,0.000,0.250,5.728,2.450,0.000
273.000,0.000,0.000,0.250,0.051,2.613,0.000
275.600,0.000,0.000,0.250,0.697,2.667,0.000
278.200,0.000,0.000,0.250,1.356,2.776,0.000
280.800,0.000,0.000,0.250,2.042,2.938,0.000
283.400,0.000,0.000,0.250,2.769,2.938,0.000
286.000,0.000,0.000,0.250,3.495,2.938,0.000
288.600,0.000,0.000,0.250,4.221,2.993,0.000
291.200,0.000,0.000,0.250,4.961,2.993,0.000
293.800,0.000,0.000,0.250,5.701,2.993,0.000
296.400,0.000,0.000,0.250,0.158,2.993,0.000
299.000,0.000,0.000,0.250,0.898,2.993,0.000
301.600,0.000,0.000,0.250,1.638,2.993,-0.108
304.200,0.000,0.000,0.239,2.378,2.287,-1.601
306.800,0.000,0.000,0.079,2.919,1.907,-0.791
309.400,0.000,0.000,-0.000,3.069,1.582,0.000
312.000,0.000,0.000,-0.000,3.069,1.365,0.000
314.600,0.000,0.000,-0.000,3.069,1.256,0.000
317.200,0.000,0.000,-0.000,3.068,1.256,0.000
319.800,0.000,0.000,-0.000,3.068,1.202,-0.085
322.400,0.000,0.000,-0.009,3.068,0.876,-0.353
325.000,0.000,0.000,-0.044,3.060,0.876,-0.244
327.600,0.000,0.000,-0.068,3.022,0.388,-0.163
330.200,0.000,0.000,-0.085,2.995,0.000,0.000
332.800,0.000,0.000,-0.085,2.995,0.000,0.000
335.400,0.000,0.000,-0.085,2.995,0.000,-0.217
338.000,0.000,0.000,-0.106,2.995,0.000,-0.380
340.600,0.000,0.000,-0.144,2.995,0.000,-0.109
343.200,0.000,0.000,-0.155,2.995,0.062,-0.109
345.800,0.000,0.000,-0.166,2.986,1.256,0.000
348.400,0.000,0.000,-0.166,2.778,1.473,0.000
351.000,0.000,0.000,-0.166,2.534,1.582,0.000
353.600,0.000,0.000,-0.166,2.272,1.962,-0.109
356.200,0.000,0.000,-0.177,1.948,2.070,0.000
358.800,0.000,0.000,-0.177,1.583,2.070,-0.136
361.400,0.000,0.000,-0.191,1.218,2.070,-0.163
364.000,0.000,0.000,-0.207,0.826,2.070,-0.136
366.600,0.000,0.000,-0.221,0.401,2.070,-0.081
369.200,0.000,0.000,-0.229,6.231,2.070,-0.081
371.800,0.000,0.000,-0.237,5.762,2.070,-0.109
374.400,0.000,0.000,-0.248,5.276,2.070,-0.027
377.000,0.000,0.000,-0.250,4.768,2.070,0.000
379.600,0.000,0.000,-0.250,4.256,2.070,0.000
382.200,0.000,0.000,-0.250,3.743,2.124,0.000
384.800,0.000,0.000,-0.250,3.216,2.233,0.000
387.400,0.000,0.000,-0.250,2.663,2.504,0.000
390.000,0.000,0.000,-0.250,2.043,2.830,0.000
392.600,0.000,0.000,-0.250,1.341,2.830,0.000
395.200,0.000,0.000,-0.250,0.640,2.830,0.000
397.800,0.000,0.000,-0.250,6.222,3.101,0.000
400.400,0.000,0.000,-0.250,5.454,3.101,0.000
403.000,0.000,0.000,-0.250,4.685,3.155,0.000
405.600,0.000,0.000,-0.250,3.903,3.210,0.000
408.200,0.000,0.000,-0.250,3.108,3.210,0.000
410.800,0.000,0.000,-0.250,2.313,3.210,0.000
413.400,0.000,0.000,-0.250,1.517,3.210,0.000
416.000,0.000,0.000,-0.250,0.722,3.210,0.000
418.600,0.000,0.000,-0.250,6.210,3.210,0.000
421.200,0.000,0.000,-0.250,5.414,3.210,0.000
423.800,0.000,0.000,-0.250,4.619,3.210,0.000
426.400,0.000,0.000,-0.250,3.823,3.210,0.000
429.000,0.000,0.000,-0.250,3.028,3.210,0.000
431.600,0.000,0.000,-0.250,2.232,3.210,0.000
434.200,0.000,0.000,-0.250,1.437,3.210,0.000
436.800,0.000,0.000,-0.250,0.642,3.210,0.000
439.400,0.000,0.000,-0.250,6.129,3.210,0.000
442.000,0.000,0.000,-0.250,5.334,3.210,0.000
444.600,0.000,0.000,-0.250,4.539,3.210,0.000
447.200,0.000,0.000,-0.250,3.743,3.210,0.000
449.800,0.000,0.000,-0.250,2.948,3.644,0.000
452.400,0.000,0.000,-0.250,2.045,3.644,0.000
455.000,0.000,0.000,-0.250,1.142,3.644,0.000
457.600,0.000,0.000,-0.250,0.239,3.698,0.000
460.200,0.000,0.000,-0.250,5.606,3.698,0.000
462.800,0.000,0.000,-0.250,4.689,3.698,0.000
465.400,0.000,0.000,-0.250,3.773,3.698,0.000
468.000,0.000,0.000,-0.250,2.857,3.698,0.000
470.600,0.000,0.000,-0.250,1.940,3.698,0.000
473.200,0.000,0.000,-0.250,1.024,3.698,0.000
475.800,0.000,0.000,-0.250,0.108,3.698,0.000
478.400,0.000,0.000,-0.250,5.475,3.698,0.000
481.000,0.000,0.000,-0.250,4.558,3.698,0.000
483.600,0.000,0.000,-0.250,3.642,3.698,0.000
486.200,0.000,0.000,-0.250,2.726,3.698,0.000
488.800,0.000,0.000,-0.250,1.809,3.698,0.000
491.400,0.000,0.000,-0.250,0.893,3.698,0.353
494.000,0.000,0.000,-0.215,6.260,3.698,0.705
496.600,0.000,0.000,-0.145,5.471,3.698,0.678
499.200,0.000,0.000,-0.077,4.938,3.698,0.624
501.800,0.000,0.000,-0.014,4.654,3.807,0.140
504.400,0.000,0.000,-0.000,4.599,3.807,0.000
507.000,0.000,0.000,-0.000,4.598,3.644,0.000
509.600,0.000,0.000,-0.000,4.596,3.155,0.000
512.200,0.000,0.000,-0.000,4.595,2.667,0.000
514.800,0.000,0.000,-0.000,4.594,2.342,0.000
517.400,0.000,0.000,-0.000,4.593,2.342,0.000
520.000,0.000,0.000,-0.000,4.592,2.287,0.000
522.600,0.000,0.000,-0.000,4.591,2.233,0.000
525.200,0.000,0.000,-0.000,4.590,1.962,0.000
527.800,0.000,0.000,-0.000,4.589,1.962,0.000
530.400,0.000,0.000,-0.000,4.589,1.962,0.000
533.000,0.000,0.000,-0.000,4.588,1.907,0.000
535.600,0.000,0.000,-0.000,4.587,1.636,0.000
538.200,0.000,0.000,-0.000,4.586,1.419,0.000
540.800,0.000,0.000,-0.000,4.586,1.365,0.000
543.400,0.000,0.000,-0.000,4.585,1.256,0.000
546.000,0.000,0.000,-0.000,4.585,1.256,0.000
548.600,0.000,0.000,-0.000,4.584,1.256,0.000
551.200,0.000,0.000,-0.000,4.584,1.256,0.000
553.800,0.000,0.000,-0.000,4.583,1.256,0.000
556.400,0.000,0.000,-0.000,4.583,1.256,0.000
559.000,0.000,0.000,-0.000,4.582,1.202,0.275
561.600,0.000,0.000,0.027,4.582,1.202,0.298
564.200,0.000,0.000,0.057,4.614,1.365,0.000
566.800,0.000,0.000,0.057,4.692,1.365,0.380
569.400,0.000,0.000,0.095,4.770,1.365,0.570
572.000,0.000,0.000,0.152,4.899,1.419,0.163
574.600,0.000,0.000,0.168,5.114,1.636,0.163
577.200,0.000,0.000,0.185,5.387,1.636,0.081
579.800,0.000,0.000,0.193,5.688,1.745,0.190
582.400,0.000,0.000,0.212,6.022,1.745,0.244
585.000,0.000,0.000,0.236,0.105,1.745,0.109
587.600,0.000,0.000,0.247,0.513,1.745,0.027
590.200,0.000,0.000,0.250,0.939,1.745,0.000
592.800,0.000,0.000,0.250,1.370,1.745,0.000
595.400,0.000,0.000,0.250,1.802,1.745,0.000
598.000,0.000,0.000,0.250,2.233,1.799,0.000
600.600,0.000,0.000,0.250,2.677,1.962,0.000
603.200,0.000,0.000,0.250,3.162,2.124,0.000
605.800,0.000,0.000,0.250,3.686,2.342,0.000
608.400,0.000,0.000,0.250,4.265,2.342,0.000
611.000,0.000,0.000,0.250,4.843,2.450,0.000
613.600,0.000,0.000,0.250,5.448,2.450,0.000
616.200,0.000,0.000,0.250,6.054,2.450,0.000
618.800,0.000,0.000,0.250,0.376,2.450,0.000
621.400,0.000,0.000,0.250,0.981,2.450,0.000
624.000,0.000,0.000,0.250,1.586,2.504,0.000
626.600,0.000,0.000,0.250,2.205,2.938,0.000
629.200,0.000,0.000,0.250,2.930,3.861,0.000
631.800,0.000,0.000,0.250,3.884,4.892,0.000
634.400,0.000,0.000,0.250,5.092,5.000,0.000
637.000,0.000,0.000,0.250,0.044,5.000,0.000
639.600,0.000,0.000,0.250,1.279,5.000,0.000
642.200,0.000,0.000,0.250,2.514,5.000,0.000
644.800,0.000,0.000,0.250,3.750,5.000,0.000
647.400,0.000,0.000,0.250,4.985,5.000,0.000
650.000,0.000,0.000,0.250,6.220,5.000,0.000
652.600,0.000,0.000,0.250,1.172,5.000,0.000
655.200,0.000,0.000,0.250,2.407,5.000,0.000
657.800,0.000,0.000,0.250,3.642,5.000,0.000
660.400,0.000,0.000,0.250,4.877,5.000,0.000
663.000,0.000,0.000,0.250,6.112,5.000,-1.221
665.600,0.000,0.000,0.128,1.064,4.729,-1.085
668.200,0.000,0.000,0.019,1.665,4.566,-0.194
670.800,0.000,0.000,-0.000,1.752,4.403,0.000
673.400,0.000,0.000,-0.000,1.750,4.349,0.000
676.000,0.000,0.000,-0.000,1.748,4.078,0.000
678.600,0.000,0.000,-0.000,1.747,3.861,-0.303
681.200,0.000,0.000,-0.031,1.745,3.807,-0.543
683.800,0.000,0.000,-0.085,1.628,3.698,-0.353
686.400,0.000,0.000,-0.120,1.314,3.644,-0.461
689.000,0.000,0.000,-0.166,0.877,3.481,-0.407
691.600,0.000,0.000,-0.207,0.301,3.481,-0.136
694.200,0.000,0.000,-0.221,5.868,3.210,-0.081
696.800,0.000,0.000,-0.229,5.165,3.210,-0.027
699.400,0.000,0.000,-0.231,4.437,3.210,-0.054
702.000,0.000,0.000,-0.237,3.701,3.155,-0.027
704.600,0.000,0.000,-0.240,2.960,2.938,-0.081
707.200,0.000,0.000,-0.248,2.263,2.830,-0.027
709.800,0.000,0.000,-0.250,1.569,2.613,0.000
712.400,0.000,0.000,-0.250,0.922,2.450,0.000
715.000,0.000,0.000,-0.250,0.315,2.287,0.000
717.600,0.000,0.000,-0.250,6.031,1.582,0.000
720.200,0.000,0.000,-0.250,5.639,1.093,0.000
722.800,0.000,0.000,-0.250,5.368,0.876,0.000
725.400,0.000,0.000,-0.250,5.151,0.551,0.000
728.000,0.000,0.000,-0.250,5.015,0.334,0.000
730.600,0.000,0.000,-0.250,4.932,0.000,0.000
733.200,0.000,0.000,-0.250,4.932,0.000,0.000
735.800,0.000,0.000,-0.250,4.932,0.000,0.000
738.400,0.000,0.000,-0.250,4.932,0.876,0.000
741.000,0.000,0.000,-0.250,4.715,2.938,0.000
743.600,0.000,0.000,-0.250,3.987,3.372,1.139
746.200,0.000,0.000,-0.136,3.151,3.644,1.361
748.800,0.000,0.000,-0.000,2.655,3.969,0.000
751.400,0.000,0.000,-0.000,2.654,4.024,0.000
754.000,0.000,0.000,-0.000,2.652,4.403,0.000
756.600,0.000,0.000,-0.000,2.650,4.783,0.330
759.200,0.000,0.000,0.033,2.649,4.946,0.624
761.800,0.000,0.000,0.095,2.810,5.000,0.326
764.400,0.000,0.000,0.128,3.284,5.000,0.380
767.000,0.000,0.000,0.166,3.920,5.000,0.271
769.600,0.000,0.000,0.193,4.745,5.000,0.217
772.200,0.000,0.000,0.214,5.702,5.000,0.298
774.800,0.000,0.000,0.244,0.483,5.000,0.054
777.400,0.000,0.000,0.250,1.692,5.000,0.000
780.000,0.000,0.000,0.250,2.927,5.000,0.000
782.600,0.000,0.000,0.250,4.162,4.946,0.000
785.200,0.000,0.000,0.250,5.383,4.783,0.000
787.800,0.000,0.000,0.250,0.282,4.403,0.000
790.400,0.000,0.000,0.250,1.369,4.186,0.000
793.000,0.000,0.000,0.250,2.403,4.078,0.000
795.600,0.000,0.000,0.250,3.411,4.024,0.000
798.200,0.000,0.000,0.250,4.405,3.807,0.000
800.800,0.000,0.000,0.250,5.345,3.372,0.000
803.400,0.000,0.000,0.250,6.178,2.667,0.000
806.000,0.000,0.000,0.250,0.554,2.070,0.000
808.600,0.000,0.000,0.250,1.065,1.419,0.000
811.200,0.000,0.000,0.250,1.416,0.931,-0.027
813.800,0.000,0.000,0.247,1.645,0.605,0.027
816.400,0.000,0.000,0.250,1.793,0.551,0.000
819.000,0.000,0.000,0.250,1.929,0.497,0.000
821.600,0.000,0.000,0.250,2.052,0.334,0.000
824.200,0.000,0.000,0.250,2.135,0.714,0.000
826.800,0.000,0.000,0.250,2.311,2.287,0.000
829.400,0.000,0.000,0.250,2.876,3.372,0.000
832.000,0.000,0.000,0.250,3.709,3.861,0.000
834.600,0.000,0.000,0.250,4.663,4.783,0.000
837.200,0.000,0.000,0.250,5.844,5.000,0.000
839.800,0.000,0.000,0.250,0.796,5.000,-1.004
842.400,0.000,0.000,0.149,2.031,5.000,-1.496
845.000,0.000,0.000,-0.000,2.774,5.000,0.000
847.600,0.000,0.000,-0.000,2.772,5.000,0.000
850.200,0.000,0.000,-0.000,2.770,5.000,-0.140
852.800,0.000,0.000,-0.014,2.768,5.000,-0.624
855.400,0.000,0.000,-0.077,2.696,5.000,-0.326
858.000,0.000,0.000,-0.109,2.313,4.512,-0.217
860.600,0.000,0.000,-0.131,1.820,3.698,-0.217
863.200,0.000,0.000,-0.153,1.337,3.155,0.895
865.800,0.000,0.000,-0.063,0.857,2.613,0.628
868.400,0.000,0.000,-0.000,0.691,2.070,0.000
871.000,0.000,0.000,-0.000,0.690,1.582,0.574
873.600,0.000,0.000,0.057,0.689,0.768,1.031
876.200,0.000,0.000,0.160,0.733,0.000,0.760
878.800,0.000,0.000,0.236,0.733,0.000,0.136
881.400,0.000,0.000,0.250,0.733,0.000,-1.302
884.000,0.000,0.000,0.119,0.733,0.000,-1.198
886.600,0.000,0.000,-0.000,0.733,1.745,-0.899
889.200,0.000,0.000,-0.090,0.732,3.372,-1.085
891.800,0.000,0.000,-0.199,0.428,3.861,-0.515
894.400,0.000,0.000,-0.250,5.949,4.783,0.000
897.000,0.000,0.000,-0.250,4.764,5.000,0.000
899.600,0.000,0.000,-0.250,3.526,5.000,0.000
902.200,0.000,0.000,-0.250,2.287,5.000,0.000
904.800,0.000,0.000,-0.250,1.049,5.000,0.000
907.400,0.000,0.000,-0.250,6.094,5.000,0.000
910.000,0.000,0.000,-0.250,4.855,5.000,0.000
912.600,0.000,0.000,-0.250,3.617,5.000,0.000
915.200,0.000,0.000,-0.250,2.378,5.000,0.000
917.800,0.000,0.000,-0.250,1.140,5.000,0.000
920.400,0.000,0.000,-0.250,6.184,5.000,0.000
923.000,0.000,0.000,-0.250,4.946,5.000,0.000
925.600,0.000,0.000,-0.250,3.707,4.024,0.000
928.200,0.000,0.000,-0.250,2.711,2.993,0.000
930.800,0.000,0.000,-0.250,1.969,1.962,0.000
933.400,0.000,0.000,-0.250,1.483,1.419,0.000
936.000,0.000,0.000,-0.250,1.132,1.039,0.217
938.600,0.000,0.000,-0.229,0.875,2.233,1.221
941.200,0.000,0.000,-0.106,0.368,3.807,1.058
943.800,0.000,0.000,-0.001,6.247,5.000,-0.624
946.400,0.000,0.000,-0.063,6.243,5.000,-1.438
949.000,0.000,0.000,-0.207,5.928,5.000,-0.434
951.600,0.000,0.000,-0.250,4.901,5.000,0.000
954.200,0.000,0.000,-0.250,3.663,4.186,0.515
956.800,0.000,0.000,-0.199,2.626,0.225,1.682
959.400,0.000,0.000,-0.031,2.581,0.000,0.303
962.000,0.000,0.000,-0.000,2.581,0.000,0.000
964.600,0.000,0.000,-0.000,2.581,0.000,0.000
967.200,0.000,0.000,-0.000,2.581,0.000,0.000
969.800,0.000,0.000,-0.000,2.581,0.000,-0.221
972.400,0.000,0.000,-0.022,2.581,0.605,-1.139
975.000,0.000,0.000,-0.136,2.568,1.799,-0.461
977.600,0.000,0.000,-0.182,2.323,3.101,-0.326
980.200,0.000,0.000,-0.215,1.761,3.535,-0.136
982.800,0.000,0.000,-0.229,1.007,3.969,-0.190
985.400,0.000,0.000,-0.248,0.107,4.946,-0.027
988.000,0.000,0.000,-0.250,5.178,5.000,0.000
990.600,0.000,0.000,-0.250,3.940,5.000,0.000
993.200,0.000,0.000,-0.250,2.701,5.000,0.000
995.800,0.000,0.000,-0.250,1.463,5.000,0.000
998.400,0.000,0.000,-0.250,0.224,5.000,0.000
1001.000,0.000,0.000,-0.250,5.269,5.000,0.000
1003.600,0.000,0.000,-0.250,4.031,5.000,0.000
1006.200,0.000,0.000,-0.250,2.792,5.000,0.000
1008.800,0.000,0.000,-0.250,1.554,5.000,0.000
1011.400,0.000,0.000,-0.250,0.315,5.000,0.000
1014.000,0.000,0.000,-0.250,5.360,5.000,0.000
1016.600,0.000,0.000,-0.250,4.121,5.000,0.000
1019.200,0.000,0.000,-0.250,2.883,5.000,0.000
1021.800,0.000,0.000,-0.250,1.644,5.000,0.000
1024.400,0.000,0.000,-0.250,0.406,5.000,0.000
1027.000,0.000,0.000,-0.250,5.451,5.000,0.000
1029.600,0.000,0.000,-0.250,4.212,5.000,0.000
1032.200,0.000,0.000,-0.250,2.974,5.000,0.000
1034.800,0.000,0.000,-0.250,1.735,5.000,0.000
1037.400,0.000,0.000,-0.250,0.497,5.000,0.000
1040.000,0.000,0.000,-0.250,5.542,5.000,0.000
1042.600,0.000,0.000,-0.250,4.303,5.000,0.000
1045.200,0.000,0.000,-0.250,3.065,5.000,0.000
1047.800,0.000,0.000,-0.250,1.826,5.000,0.000
1050.400,0.000,0.000,-0.250,0.588,5.000,0.000
1053.000,0.000,0.000,-0.250,5.632,5.000,0.000
1055.600,0.000,0.000,-0.250,4.394,5.000,0.000
1058.200,0.000,0.000,-0.250,3.155,5.000,0.000
1060.800,0.000,0.000,-0.250,1.917,5.000,0.000
1063.400,0.000,0.000,-0.250,0.678,5.000,0.000
1066.000,0.000,0.000,-0.250,5.723,5.000,0.000
1068.600,0.000,0.000,-0.250,4.485,5.000,0.000
1071.200,0.000,0.000,-0.250,3.246,5.000,0.000
1073.800,0.000,0.000,-0.250,2.008,5.000,0.000
1076.400,0.000,0.000,-0.250,0.769,5.000,0.000
1079.000,0.000,0.000,-0.250,5.814,5.000,0.000
1081.600,0.000,0.000,-0.250,4.575,5.000,0.000
1084.200,0.000,0.000,-0.250,3.337,5.000,0.000
1086.800,0.000,0.000,-0.250,2.099,5.000,0.000
1089.400,0.000,0.000,-0.250,0.860,5.000,0.000
1092.000,0.000,0.000,-0.250,5.905,5.000,0.000
1094.600,0.000,0.000,-0.250,4.666,5.000,0.000
1097.200,0.000,0.000,-0.250,3.428,5.000,0.000
1099.800,0.000,0.000,-0.250,2.189,5.000,0.000
1102.400,0.000,0.000,-0.250,0.951,5.000,0.000
1105.000,0.000,0.000,-0.250,5.996,5.000,0.000
1107.600,0.000,0.000,-0.250,4.757,5.000,0.000
1110.200,0.000,0.000,-0.250,3.519,5.000,0.000
1112.800,0.000,0.000,-0.250,2.280,5.000,0.000
1115.400,0.000,0.000,-0.250,1.042,5.000,0.000
1118.000,0.000,0.000,-0.250,6.086,5.000,0.000
1120.600,0.000,0.000,-0.250,4.848,5.000,0.000
1123.200,0.000,0.000,-0.250,3.609,5.000,0.000
1125.800,0.000,0.000,-0.250,2.371,5.000,0.000
1128.400,0.000,0.000,-0.250,1.133,5.000,0.000
1131.000,0.000,0.000,-0.250,6.177,5.000,0.000
1133.600,0.000,0.000,-0.250,4.939,4.892,0.841
1136.200,0.000,0.000,-0.166,3.727,2.450,1.492
1138.800,0.000,0.000,-0.017,3.322,0.000,0.167
1141.400,0.000,0.000,-0.000,3.322,-0.388,0.000
1144.000,0.000,0.000,-0.000,3.322,-0.171,0.000
1146.600,0.000,0.000,-0.000,3.322,0.000,0.000
1149.200,0.000,0.000,-0.000,3.322,0.000,0.000
1151.800,0.000,0.000,-0.000,3.322,0.000,0.000
1154.400,0.000,0.000,-0.000,3.322,0.171,-0.926
1157.000,0.000,0.000,-0.093,3.322,1.256,-1.519
1159.600,0.000,0.000,-0.245,3.205,2.342,-0.054
1162.200,0.000,0.000,-0.250,2.638,3.861,0.000
1164.800,0.000,0.000,-0.250,1.682,4.783,0.000
1167.400,0.000,0.000,-0.250,0.497,5.000,0.000
1170.000,0.000,0.000,-0.250,5.543,5.000,0.000
1172.600,0.000,0.000,-0.250,4.305,5.000,0.000
1175.200,0.000,0.000,-0.250,3.067,5.000,0.000
1177.800,0.000,0.000,-0.250,1.829,5.000,0.000
1180.400,0.000,0.000,-0.250,0.591,5.000,0.000
1183.000,0.000,0.000,-0.250,5.636,5.000,0.000
1185.600,0.000,0.000,-0.250,4.398,5.000,0.000
1188.200,0.000,0.000,-0.250,3.160,5.000,0.000
1190.800,0.000,0.000,-0.250,1.922,5.000,0.000
1193.400,0.000,0.000,-0.250,0.684,5.000,0.000
1196.000,0.000,0.000,-0.250,5.729,5.000,0.000
1198.600,0.000,0.000,-0.250,4.491,5.000,1.058
1201.200,0.000,0.000,-0.144,3.253,5.000,1.442
1203.800,0.000,0.000,-0.000,2.534,4.078,0.000
1206.400,0.000,0.000,-0.000,2.533,1.907,-0.004
1209.000,0.000,0.000,-0.001,2.532,0.000,-0.136
1211.600,0.000,0.000,-0.014,2.532,0.000,0.140
1214.200,0.000,0.000,-0.000,2.532,0.000,0.000
1216.800,0.000,0.000,-0.000,2.532,0.000,0.000
1219.400,0.000,0.000,-0.000,2.532,0.000,0.000
1222.000,0.000,0.000,-0.000,2.532,0.388,-2.391
1224.600,0.000,0.000,-0.239,2.532,1.365,-0.109
1227.200,0.000,0.000,-0.250,2.209,1.907,0.000
1229.800,0.000,0.000,-0.250,1.737,2.613,0.000
1232.400,0.000,0.000,-0.250,1.090,3.210,0.000
1235.000,0.000,0.000,-0.250,0.295,3.535,0.000
1237.600,0.000,0.000,-0.250,5.703,3.861,0.000
1240.200,0.000,0.000,-0.250,4.747,3.861,0.000
1242.800,0.000,0.000,-0.250,3.791,3.861,0.000
1245.400,0.000,0.000,-0.250,2.835,3.861,0.000
1248.000,0.000,0.000,-0.250,1.879,3.861,0.000
1250.600,0.000,0.000,-0.250,0.923,3.861,0.000
1253.200,0.000,0.000,-0.250,6.250,3.861,0.000
1255.800,0.000,0.000,-0.250,5.294,3.861,0.000
1258.400,0.000,0.000,-0.250,4.338,3.861,0.000
1261.000,0.000,0.000,-0.250,3.382,3.861,0.000
1263.600,0.000,0.000,-0.250,2.426,3.861,0.000
1266.200,0.000,0.000,-0.250,1.470,3.861,0.000
1268.800,0.000,0.000,-0.250,0.514,3.861,0.000
1271.400,0.000,0.000,-0.250,5.842,3.861,0.000
1274.000,0.000,0.000,-0.250,4.886,3.861,0.000
1276.600,0.000,0.000,-0.250,3.930,3.861,0.000
1279.200,0.000,0.000,-0.250,2.974,3.861,0.000
1281.800,0.000,0.000,-0.250,2.018,3.861,0.000
1284.400,0.000,0.000,-0.250,1.062,3.861,0.000
1287.000,0.000,0.000,-0.250,0.106,3.861,0.000
1289.600,0.000,0.000,-0.250,5.433,3.861,0.000
1292.200,0.000,0.000,-0.250,4.477,3.861,0.000
1294.800,0.000,0.000,-0.250,3.521,3.861,0.000
1297.400,0.000,0.000,-0.250,2.565,3.861,0.000
1300.000,0.000,0.000,-0.250,1.609,3.861,0.000
1302.600,0.000,0.000,-0.250,0.653,3.861,0.000
1305.200,0.000,0.000,-0.250,5.980,3.372,0.000
1307.800,0.000,0.000,-0.250,5.145,2.938,0.000
1310.400,0.000,0.000,-0.250,4.418,1.419,2.500
1313.000,0.000,0.000,-0.000,4.067,0.000,0.000
1315.600,0.000,0.000,-0.000,4.067,-0.659,0.000
1318.200,0.000,0.000,-0.000,4.067,-1.582,-0.058
1320.800,0.000,0.000,-0.006,4.067,-3.155,-0.624
1323.400,0.000,0.000,-0.068,4.086,-4.349,-0.326
1326.000,0.000,0.000,-0.101,4.383,-5.000,-0.136
1328.600,0.000,0.000,-0.115,4.887,-5.000,-0.163
1331.200,0.000,0.000,-0.131,5.459,-5.000,0.000
1333.800,0.000,0.000,-0.131,6.112,-5.000,0.000
1336.400,0.000,0.000,-0.131,0.481,-5.000,0.000
1339.000,0.000,0.000,-0.131,1.134,-5.000,0.000
1341.600,0.000,0.000,-0.131,1.786,-5.000,1.221
1344.200,0.000,0.000,-0.009,2.439,0.000,0.085
1346.800,0.000,0.000,-0.000,2.439,0.008,0.000
1349.400,0.000,0.000,-0.000,2.439,0.008,-0.547
1352.000,0.000,0.000,-0.055,2.439,0.714,-1.194
1354.600,0.000,0.000,-0.174,2.400,1.039,-0.760
1357.200,0.000,0.000,-0.250,2.220,1.093,0.000
1359.800,0.000,0.000,-0.250,1.949,1.093,0.000
1362.400,0.000,0.000,-0.250,1.678,1.365,0.000
1365.000,0.000,0.000,-0.250,1.340,1.365,0.000
1367.600,0.000,0.000,-0.250,1.001,1.365,0.000
1370.200,0.000,0.000,-0.250,0.663,1.365,0.000
1372.800,0.000,0.000,-0.250,0.325,1.365,0.000
1375.400,0.000,0.000,-0.250,6.270,1.365,0.000
1378.000,0.000,0.000,-0.250,5.932,1.365,0.000
1380.600,0.000,0.000,-0.250,5.593,1.365,0.000
1383.200,0.000,0.000,-0.250,5.255,1.419,0.000
1385.800,0.000,0.000,-0.250,4.904,1.745,0.000
1388.400,0.000,0.000,-0.250,4.471,2.233,0.109
1391.000,0.000,0.000,-0.240,3.918,2.504,0.109
1393.600,0.000,0.000,-0.229,3.324,2.830,0.054
1396.200,0.000,0.000,-0.223,2.683,2.830,0.000
1398.800,0.000,0.000,-0.223,2.056,2.830,0.109
1401.400,0.000,0.000,-0.212,1.430,2.938,0.380
1404.000,0.000,0.000,-0.174,0.811,2.938,1.221
1406.600,0.000,0.000,-0.052,0.301,1.636,0.520
1409.200,0.000,0.000,-0.000,0.216,0.000,0.000
1411.800,0.000,0.000,-0.000,0.216,0.000,0.000
1414.400,0.000,0.000,-0.000,0.216,0.000,0.000
1417.000,0.000,0.000,-0.000,0.216,0.000,0.000
1419.600,0.000,0.000,-0.000,0.216,0.000,0.000
1422.200,0.000,0.000,-0.000,0.216,0.000,0.000
1424.800,0.000,0.000,-0.000,0.216,0.000,0.000
1427.400,0.000,0.000,-0.000,0.216,0.000,0.000
1430.000,0.000,0.000,-0.000,0.216,0.000,0.000
1432.600,0.000,0.000,-0.000,0.216,0.000,0.000
1435.200,0.000,0.000,-0.000,0.216,0.000,0.000
1437.800,0.000,0.000,-0.000,0.216,0.000,0.000
1440.400,0.000,0.000,-0.000,0.216,0.000,0.000
1443.000,0.000,0.000,-0.000,0.216,0.000,0.000
1445.600,0.000,0.000,-0.000,0.216,0.000,0.000
1448.200,0.000,0.000,-0.000,0.216,0.000,0.000
1450.800,0.000,0.000,-0.000,0.216,0.000,0.000
1453.400,0.000,0.000,-0.000,0.216,0.000,0.000
1456.000,0.000,0.000,-0.000,0.216,0.000,0.000
1458.600,0.000,0.000,-0.000,0.216,0.000,0.000
1461.200,0.000,0.000,-0.000,0.216,0.000,0.000
1463.800,0.000,0.000,-0.000,0.216,0.000,0.000
1466.400,0.000,0.000,-0.000,0.216,0.000,0.000
1469.000,0.000,0.000,-0.000,0.216,0.000,0.000
1471.600,0.000,0.000,-0.000,0.216,0.000,0.000
1474.200,0.000,0.000,-0.000,0.216,0.000,0.000
1476.800,0.000,0.000,-0.000,0.216,0.000,0.000
1479.400,0.000,0.000,-0.000,0.216,0.000,0.000
1482.000,0.000,0.000,-0.000,0.216,0.000,0.000
1484.600,0.000,0.000,-0.000,0.216,0.000,0.000
1487.200,0.000,0.000,-0.000,0.216,0.000,0.000
1489.800,0.000,0.000,-0.000,0.216,0.000,0.000
1492.400,0.000,0.000,-0.000,0.216,0.000,0.000
1495.000,0.000,0.000,-0.000,0.216,0.000,0.000
1497.600,0.000,0.000,-0.000,0.216
